+---------+------------+------------+---------------+-------------+-------------------+
| channel | i_brand_id | i_class_id | i_category_id | sum(sales)  | sum(number_sales) |
+---------+------------+------------+---------------+-------------+-------------------+
| catalog | 1001001    | 1          | 1             | 52368542.21 | 10360             |
| catalog | 1001001    | 1          | 2             | 1236420.77  | 218               |
| catalog | 1001001    | 1          | 3             | 1547608.77  | 283               |
| catalog | 1001001    | 1          | 4             | 1481635.68  | 295               |
| catalog | 1001001    | 1          | 5             | 1131287.72  | 210               |
| catalog | 1001001    | 1          | 6             | 724584.87   | 138               |
| catalog | 1001001    | 1          | 7             | 1355785.32  | 278               |
| catalog | 1001001    | 1          | 8             | 971491.08   | 197               |
| catalog | 1001001    | 1          | 9             | 1914898.79  | 369               |
| catalog | 1001001    | 1          | 10            | 1503428.43  | 268               |
| catalog | 1001001    | 1          | NULL          | 64235683.64 | 12616             |
| catalog | 1001001    | 2          | 1             | 301104.31   | 61                |
| catalog | 1001001    | 2          | 2             | 1129604.58  | 215               |
| catalog | 1001001    | 2          | 3             | 695746.77   | 140               |
| catalog | 1001001    | 2          | 4             | 296773.13   | 55                |
| catalog | 1001001    | 2          | 5             | 436912.53   | 69                |
| catalog | 1001001    | 2          | 7             | 417657.96   | 67                |
| catalog | 1001001    | 2          | 8             | 309998.46   | 59                |
| catalog | 1001001    | 2          | NULL          | 3587797.74  | 666               |
| catalog | 1001001    | 3          | 1             | 211235.23   | 51                |
| catalog | 1001001    | 3          | 2             | 1292950.70  | 275               |
| catalog | 1001001    | 3          | 4             | 916839.72   | 192               |
| catalog | 1001001    | 3          | 6             | 312097.57   | 59                |
| catalog | 1001001    | 3          | 10            | 383732.55   | 74                |
| catalog | 1001001    | 3          | NULL          | 3116855.77  | 651               |
| catalog | 1001001    | 4          | 1             | 632621.80   | 125               |
| catalog | 1001001    | 4          | 2             | 400172.68   | 67                |
| catalog | 1001001    | 4          | 3             | 289834.83   | 58                |
| catalog | 1001001    | 4          | 4             | 693635.78   | 133               |
| catalog | 1001001    | 4          | NULL          | 2016265.09  | 383               |
| catalog | 1001001    | 5          | 9             | 312760.40   | 65                |
| catalog | 1001001    | 5          | 10            | 286915.33   | 66                |
| catalog | 1001001    | 5          | NULL          | 599675.73   | 131               |
| catalog | 1001001    | 6          | 9             | 342702.23   | 75                |
| catalog | 1001001    | 6          | NULL          | 342702.23   | 75                |
| catalog | 1001001    | 8          | 9             | 331495.04   | 57                |
| catalog | 1001001    | 8          | NULL          | 331495.04   | 57                |
| catalog | 1001001    | 9          | 6             | 405711.77   | 85                |
| catalog | 1001001    | 9          | 7             | 443473.69   | 74                |
| catalog | 1001001    | 9          | 8             | 416554.02   | 74                |
| catalog | 1001001    | 9          | NULL          | 1265739.48  | 233               |
| catalog | 1001001    | 10         | 9             | 295481.72   | 55                |
| catalog | 1001001    | 10         | NULL          | 295481.72   | 55                |
| catalog | 1001001    | 11         | 9             | 807026.77   | 150               |
| catalog | 1001001    | 11         | NULL          | 807026.77   | 150               |
| catalog | 1001001    | 12         | 8             | 408755.55   | 69                |
| catalog | 1001001    | 12         | NULL          | 408755.55   | 69                |
| catalog | 1001001    | 14         | 6             | 429391.44   | 79                |
| catalog | 1001001    | 14         | NULL          | 429391.44   | 79                |
| catalog | 1001001    | 15         | 9             | 422636.90   | 70                |
| catalog | 1001001    | 15         | 10            | 217467.94   | 51                |
| catalog | 1001001    | 15         | NULL          | 640104.84   | 121               |
| catalog | 1001001    | 16         | 8             | 412325.94   | 76                |
| catalog | 1001001    | 16         | NULL          | 412325.94   | 76                |
| catalog | 1001001    | NULL       | NULL          | 78489300.98 | 15362             |
| catalog | 1001002    | 1          | 1             | 67163425.79 | 13353             |
| catalog | 1001002    | 1          | NULL          | 67163425.79 | 13353             |
| catalog | 1001002    | 2          | 1             | 1672015.43  | 312               |
| catalog | 1001002    | 2          | NULL          | 1672015.43  | 312               |
| catalog | 1001002    | 3          | 1             | 2614321.34  | 518               |
| catalog | 1001002    | 3          | NULL          | 2614321.34  | 518               |
| catalog | 1001002    | 4          | 1             | 1873024.34  | 374               |
| catalog | 1001002    | 4          | NULL          | 1873024.34  | 374               |
| catalog | 1001002    | 6          | 1             | 721080.68   | 144               |
| catalog | 1001002    | 6          | NULL          | 721080.68   | 144               |
| catalog | 1001002    | 7          | 1             | 1227171.05  | 243               |
| catalog | 1001002    | 7          | NULL          | 1227171.05  | 243               |
| catalog | 1001002    | 8          | 1             | 919285.49   | 198               |
| catalog | 1001002    | 8          | NULL          | 919285.49   | 198               |
| catalog | 1001002    | 9          | 1             | 743026.35   | 141               |
| catalog | 1001002    | 9          | NULL          | 743026.35   | 141               |
| catalog | 1001002    | 11         | 1             | 373510.77   | 71                |
| catalog | 1001002    | 11         | NULL          | 373510.77   | 71                |
| catalog | 1001002    | 12         | 1             | 1359761.51  | 285               |
| catalog | 1001002    | 12         | NULL          | 1359761.51  | 285               |
| catalog | 1001002    | 14         | 1             | 314901.13   | 64                |
| catalog | 1001002    | 14         | NULL          | 314901.13   | 64                |
| catalog | 1001002    | NULL       | NULL          | 78981523.88 | 15703             |
| catalog | 1002001    | 1          | 1             | 356788.81   | 67                |
| catalog | 1002001    | 1          | 2             | 704993.08   | 141               |
| catalog | 1002001    | 1          | 4             | 686656.47   | 133               |
| catalog | 1002001    | 1          | 5             | 449754.00   | 83                |
| catalog | 1002001    | 1          | 6             | 580813.44   | 135               |
| catalog | 1002001    | 1          | 7             | 341514.85   | 69                |
| catalog | 1002001    | 1          | 9             | 361948.44   | 70                |
| catalog | 1002001    | 1          | NULL          | 3482469.09  | 698               |
| catalog | 1002001    | 2          | 1             | 56172280.15 | 11151             |
| catalog | 1002001    | 2          | 2             | 2299463.76  | 429               |
| catalog | 1002001    | 2          | 3             | 1268427.01  | 258               |
| catalog | 1002001    | 2          | 4             | 662798.89   | 139               |
| catalog | 1002001    | 2          | 5             | 306573.97   | 62                |
| catalog | 1002001    | 2          | 6             | 1033490.84  | 200               |
| catalog | 1002001    | 2          | 7             | 1462306.37  | 274               |
| catalog | 1002001    | 2          | 8             | 1223867.46  | 258               |
| catalog | 1002001    | 2          | 9             | 1259082.73  | 233               |
| catalog | 1002001    | 2          | 10            | 603295.81   | 135               |
| catalog | 1002001    | 2          | NULL          | 66291586.99 | 13139             |
| catalog | 1002001    | 3          | 2             | 425504.96   | 72                |
| catalog | 1002001    | 3          | 7             | 360174.85   | 72                |
| catalog | 1002001    | 3          | NULL          | 785679.81   | 144               |
+---------+------------+------------+---------------+-------------+-------------------+
+------------+----------+----------+-------------+-------------+-----------------+------------+----------+----------+-------------+-------------+-----------------+
| ty_channel | ty_brand | ty_class | ty_category | ty_sales    | ty_number_sales | ly_channel | ly_brand | ly_class | ly_category | ly_sales    | ly_number_sales |
+------------+----------+----------+-------------+-------------+-----------------+------------+----------+----------+-------------+-------------+-----------------+
| store      | 1001001  | 1        | 1           | 34174785.60 | 9378            | store      | 1001001  | 1        | 1           | 35687216.32 | 9571            |
| store      | 1001002  | 1        | 1           | 18374240.07 | 4996            | store      | 1001002  | 1        | 1           | 18147482.07 | 4939            |
| store      | 1002001  | 2        | 1           | 32891801.81 | 8929            | store      | 1002001  | 2        | 1           | 32901024.20 | 8876            |
| store      | 1002002  | 2        | 1           | 16277719.65 | 4480            | store      | 1002002  | 2        | 1           | 16621242.64 | 4503            |
| store      | 1003001  | 3        | 1           | 28543400.97 | 7678            | store      | 1003001  | 3        | 1           | 27818498.38 | 7502            |
| store      | 1003002  | 3        | 1           | 15175680.68 | 4099            | store      | 1003002  | 3        | 1           | 14902536.39 | 4091            |
| store      | 1004001  | 4        | 1           | 30309452.97 | 8103            | store      | 1004001  | 4        | 1           | 29777472.33 | 8024            |
| store      | 1004002  | 4        | 1           | 17972799.68 | 4796            | store      | 1004002  | 4        | 1           | 17201009.85 | 4689            |
| store      | 2001001  | 1        | 2           | 32213394.20 | 8954            | store      | 2001001  | 1        | 2           | 33136521.29 | 8849            |
| store      | 2001002  | 1        | 2           | 14955025.07 | 4043            | store      | 2001002  | 1        | 2           | 15220768.23 | 4025            |
| store      | 2002001  | 2        | 2           | 33820339.48 | 9254            | store      | 2002001  | 2        | 2           | 33473868.68 | 9190            |
| store      | 2002002  | 2        | 2           | 16352497.02 | 4451            | store      | 2002002  | 2        | 2           | 16152608.64 | 4401            |
| store      | 2003001  | 3        | 2           | 32116552.53 | 8640            | store      | 2003001  | 3        | 2           | 30750508.87 | 8450            |
| store      | 2003002  | 3        | 2           | 13766719.56 | 3797            | store      | 2003002  | 3        | 2           | 14049421.27 | 3821            |
| store      | 2004001  | 4        | 2           | 36241723.03 | 9834            | store      | 2004001  | 4        | 2           | 36590736.39 | 9888            |
| store      | 2004002  | 4        | 2           | 16433349.18 | 4450            | store      | 2004002  | 4        | 2           | 15716519.02 | 4272            |
| store      | 3001001  | 1        | 3           | 31127164.42 | 8310            | store      | 3001001  | 1        | 3           | 29562420.73 | 8002            |
| store      | 3001002  | 1        | 3           | 14851663.89 | 4036            | store      | 3001002  | 1        | 3           | 15181494.50 | 4078            |
| store      | 3002001  | 2        | 3           | 32495675.33 | 8698            | store      | 3002001  | 2        | 3           | 32429439.46 | 8692            |
| store      | 3002002  | 2        | 3           | 16116598.97 | 4418            | store      | 3002002  | 2        | 3           | 16512410.37 | 4374            |
| store      | 3003001  | 3        | 3           | 31700042.20 | 8743            | store      | 3003001  | 3        | 3           | 32164324.38 | 8676            |
| store      | 3003002  | 3        | 3           | 14895490.66 | 3974            | store      | 3003002  | 3        | 3           | 15266390.09 | 4069            |
| store      | 3004001  | 4        | 3           | 30138132.57 | 8085            | store      | 3004001  | 4        | 3           | 29126354.41 | 7920            |
| store      | 3004002  | 4        | 3           | 17530841.17 | 4705            | store      | 3004002  | 4        | 3           | 17042704.95 | 4616            |
| store      | 4001001  | 1        | 4           | 33480597.24 | 9111            | store      | 4001001  | 1        | 4           | 34285557.45 | 9283            |
| store      | 4001002  | 1        | 4           | 14451764.88 | 3878            | store      | 4001002  | 1        | 4           | 13726721.60 | 3831            |
| store      | 4002001  | 2        | 4           | 33231897.03 | 8967            | store      | 4002001  | 2        | 4           | 34059986.40 | 9252            |
| store      | 4002002  | 2        | 4           | 16650175.90 | 4610            | store      | 4002002  | 2        | 4           | 17402096.55 | 4559            |
| store      | 4003001  | 3        | 4           | 36067433.91 | 9748            | store      | 4003001  | 3        | 4           | 34504148.65 | 9485            |
| store      | 4003002  | 3        | 4           | 16754023.30 | 4546            | store      | 4003002  | 3        | 4           | 16703673.21 | 4533            |
| store      | 4004001  | 4        | 4           | 29955913.55 | 8253            | store      | 4004001  | 4        | 4           | 30154051.80 | 8171            |
| store      | 4004002  | 4        | 4           | 15466104.71 | 4219            | store      | 4004002  | 4        | 4           | 15411768.89 | 4160            |
| store      | 5001001  | 1        | 5           | 31515507.37 | 8551            | store      | 5001001  | 1        | 5           | 31322945.79 | 8548            |
| store      | 5001002  | 1        | 5           | 16271172.72 | 4451            | store      | 5001002  | 1        | 5           | 17167056.79 | 4669            |
| store      | 5002001  | 2        | 5           | 31161121.07 | 8374            | store      | 5002001  | 2        | 5           | 31505480.71 | 8489            |
| store      | 5002002  | 2        | 5           | 15926126.76 | 4317            | store      | 5002002  | 2        | 5           | 16070792.74 | 4380            |
| store      | 5003001  | 3        | 5           | 36306943.83 | 9757            | store      | 5003001  | 3        | 5           | 34974361.56 | 9376            |
| store      | 5003002  | 3        | 5           | 17562277.62 | 4712            | store      | 5003002  | 3        | 5           | 17346454.95 | 4758            |
| store      | 5004001  | 4        | 5           | 37366484.87 | 10295           | store      | 5004001  | 4        | 5           | 37952412.75 | 10170           |
| store      | 5004002  | 4        | 5           | 17984153.41 | 4999            | store      | 5004002  | 4        | 5           | 18480868.45 | 5005            |
| store      | 6001001  | 1        | 6           | 2434037.40  | 671             | store      | 6001001  | 1        | 6           | 2649338.83  | 710             |
| store      | 6001002  | 1        | 6           | 1344070.78  | 349             | store      | 6001002  | 1        | 6           | 1278919.04  | 378             |
| store      | 6001003  | 1        | 6           | 1400189.17  | 361             | store      | 6001003  | 1        | 6           | 1465571.79  | 361             |
| store      | 6001004  | 1        | 6           | 562976.35   | 138             | store      | 6001004  | 1        | 6           | 477174.83   | 148             |
| store      | 6001005  | 1        | 6           | 2058371.07  | 556             | store      | 6001005  | 1        | 6           | 1837582.72  | 495             |
| store      | 6001006  | 1        | 6           | 1166218.09  | 337             | store      | 6001006  | 1        | 6           | 1220094.49  | 345             |
| store      | 6001007  | 1        | 6           | 1296217.94  | 344             | store      | 6001007  | 1        | 6           | 1250363.64  | 338             |
| store      | 6001008  | 1        | 6           | 1281807.04  | 379             | store      | 6001008  | 1        | 6           | 1213037.61  | 322             |
| store      | 6002001  | 2        | 6           | 1704443.64  | 482             | store      | 6002001  | 2        | 6           | 1754394.45  | 471             |
| store      | 6002002  | 2        | 6           | 944527.64   | 263             | store      | 6002002  | 2        | 6           | 856216.24   | 239             |
| store      | 6002003  | 2        | 6           | 1695092.03  | 451             | store      | 6002003  | 2        | 6           | 1833664.32  | 502             |
| store      | 6002004  | 2        | 6           | 1022008.67  | 259             | store      | 6002004  | 2        | 6           | 942758.39   | 289             |
| store      | 6002005  | 2        | 6           | 2365111.29  | 675             | store      | 6002005  | 2        | 6           | 2598837.05  | 684             |
| store      | 6002006  | 2        | 6           | 633837.28   | 139             | store      | 6002006  | 2        | 6           | 627518.87   | 166             |
| store      | 6002007  | 2        | 6           | 1283560.11  | 382             | store      | 6002007  | 2        | 6           | 1485534.48  | 361             |
| store      | 6002008  | 2        | 6           | 912729.75   | 263             | store      | 6002008  | 2        | 6           | 939618.01   | 248             |
| store      | 6003001  | 3        | 6           | 1784287.49  | 489             | store      | 6003001  | 3        | 6           | 1859861.92  | 495             |
| store      | 6003002  | 3        | 6           | 1485244.48  | 399             | store      | 6003002  | 3        | 6           | 1373073.48  | 386             |
| store      | 6003003  | 3        | 6           | 2701363.24  | 702             | store      | 6003003  | 3        | 6           | 2401459.95  | 649             |
| store      | 6003004  | 3        | 6           | 1108478.05  | 305             | store      | 6003004  | 3        | 6           | 1058523.07  | 295             |
| store      | 6003005  | 3        | 6           | 2976891.01  | 842             | store      | 6003005  | 3        | 6           | 3076880.71  | 842             |
| store      | 6003006  | 3        | 6           | 999287.25   | 270             | store      | 6003006  | 3        | 6           | 913348.12   | 249             |
| store      | 6003007  | 3        | 6           | 2526842.62  | 694             | store      | 6003007  | 3        | 6           | 2744520.30  | 767             |
| store      | 6003008  | 3        | 6           | 1721050.47  | 469             | store      | 6003008  | 3        | 6           | 1638731.72  | 444             |
| store      | 6004001  | 4        | 6           | 1260112.35  | 339             | store      | 6004001  | 4        | 6           | 1311053.95  | 332             |
| store      | 6004002  | 4        | 6           | 867372.17   | 240             | store      | 6004002  | 4        | 6           | 776894.58   | 204             |
| store      | 6004003  | 4        | 6           | 1474577.38  | 411             | store      | 6004003  | 4        | 6           | 1677056.55  | 421             |
| store      | 6004004  | 4        | 6           | 534544.73   | 147             | store      | 6004004  | 4        | 6           | 547088.76   | 152             |
| store      | 6004005  | 4        | 6           | 1375096.15  | 353             | store      | 6004005  | 4        | 6           | 1401808.60  | 381             |
| store      | 6004006  | 4        | 6           | 870387.85   | 216             | store      | 6004006  | 4        | 6           | 936800.69   | 222             |
| store      | 6004007  | 4        | 6           | 1757502.54  | 482             | store      | 6004007  | 4        | 6           | 1791037.01  | 478             |
| store      | 6004008  | 4        | 6           | 563001.00   | 155             | store      | 6004008  | 4        | 6           | 446179.03   | 115             |
| store      | 6005001  | 5        | 6           | 2929658.08  | 741             | store      | 6005001  | 5        | 6           | 2726610.21  | 725             |
| store      | 6005002  | 5        | 6           | 1191839.28  | 335             | store      | 6005002  | 5        | 6           | 1229325.80  | 354             |
| store      | 6005003  | 5        | 6           | 1582263.93  | 370             | store      | 6005003  | 5        | 6           | 1540467.50  | 414             |
| store      | 6005004  | 5        | 6           | 150122.76   | 51              | store      | 6005004  | 5        | 6           | 156603.90   | 55              |
| store      | 6005005  | 5        | 6           | 1541929.47  | 450             | store      | 6005005  | 5        | 6           | 1446275.60  | 425             |
| store      | 6005006  | 5        | 6           | 1177132.75  | 330             | store      | 6005006  | 5        | 6           | 1377593.83  | 347             |
| store      | 6005007  | 5        | 6           | 1478578.04  | 383             | store      | 6005007  | 5        | 6           | 1416491.94  | 393             |
| store      | 6005008  | 5        | 6           | 1445890.41  | 356             | store      | 6005008  | 5        | 6           | 1320163.93  | 331             |
| store      | 6006001  | 6        | 6           | 1836621.12  | 517             | store      | 6006001  | 6        | 6           | 1768435.30  | 516             |
| store      | 6006002  | 6        | 6           | 1018517.39  | 266             | store      | 6006002  | 6        | 6           | 1020398.45  | 274             |
| store      | 6006003  | 6        | 6           | 2241261.82  | 624             | store      | 6006003  | 6        | 6           | 2099570.11  | 546             |
| store      | 6006004  | 6        | 6           | 849449.75   | 203             | store      | 6006004  | 6        | 6           | 667879.35   | 177             |
| store      | 6006005  | 6        | 6           | 1650053.23  | 421             | store      | 6006005  | 6        | 6           | 1436851.52  | 385             |
| store      | 6006006  | 6        | 6           | 758954.13   | 190             | store      | 6006006  | 6        | 6           | 655126.37   | 177             |
| store      | 6006007  | 6        | 6           | 2760575.01  | 745             | store      | 6006007  | 6        | 6           | 2674822.65  | 738             |
| store      | 6006008  | 6        | 6           | 1322584.60  | 355             | store      | 6006008  | 6        | 6           | 1240794.30  | 337             |
| store      | 6007001  | 7        | 6           | 1553111.42  | 405             | store      | 6007001  | 7        | 6           | 1480931.64  | 398             |
| store      | 6007002  | 7        | 6           | 667643.03   | 204             | store      | 6007002  | 7        | 6           | 810031.79   | 210             |
| store      | 6007003  | 7        | 6           | 3253572.92  | 860             | store      | 6007003  | 7        | 6           | 3017769.63  | 869             |
| store      | 6007004  | 7        | 6           | 1352352.83  | 336             | store      | 6007004  | 7        | 6           | 1350484.36  | 363             |
| store      | 6007005  | 7        | 6           | 1781485.72  | 484             | store      | 6007005  | 7        | 6           | 1909049.04  | 498             |
| store      | 6007006  | 7        | 6           | 1325507.14  | 390             | store      | 6007006  | 7        | 6           | 1500366.09  | 407             |
| store      | 6007007  | 7        | 6           | 2950077.63  | 767             | store      | 6007007  | 7        | 6           | 2877941.44  | 744             |
| store      | 6007008  | 7        | 6           | 767715.74   | 193             | store      | 6007008  | 7        | 6           | 614638.41   | 166             |
| store      | 6008001  | 8        | 6           | 2311140.13  | 670             | store      | 6008001  | 8        | 6           | 2524023.41  | 696             |
| store      | 6008002  | 8        | 6           | 1339063.01  | 356             | store      | 6008002  | 8        | 6           | 1196214.89  | 329             |
| store      | 6008003  | 8        | 6           | 2091262.75  | 590             | store      | 6008003  | 8        | 6           | 2038152.88  | 566             |
| store      | 6008004  | 8        | 6           | 909655.95   | 249             | store      | 6008004  | 8        | 6           | 807090.39   | 216             |
+------------+----------+----------+-------------+-------------+-----------------+------------+----------+----------+-------------+-------------+-----------------+
