+--------------+------------+----------------+-------+-----------+----------------------+-------------------+----------------+---------------------------+------------------------+
| ss_sold_year | ss_item_sk | ss_customer_sk | ratio | store_qty | store_wholesale_cost | store_sales_price | other_chan_qty | other_chan_wholesale_cost | other_chan_sales_price |
+--------------+------------+----------------+-------+-----------+----------------------+-------------------+----------------+---------------------------+------------------------+
| 2000         | 1          | 488067         | 1.23  | 59        | 54.26                | 29.86             | 48             | 1.94                      | 0.53                   |
| 2000         | 13         | 276156         | 1.31  | 89        | 13.11                | 11.82             | 68             | 71.36                     | 86.18                  |
| 2000         | 17         | 121122         | 1.0   | 71        | 40.41                | 40.36             | 71             | 76.41                     | 13.53                  |
| 2000         | 19         | 381586         | 0.61  | 35        | 5.30                 | 1.96              | 57             | 51.24                     | 103.99                 |
| 2000         | 19         | 531939         | 0.91  | 43        | 41.20                | 46.23             | 47             | 51.43                     | 10.53                  |
| 2000         | 26         | 171397         | 0.47  | 25        | 15.97                | 2.55              | 53             | 79.86                     | 42.79                  |
| 2000         | 26         | 365916         | 0.02  | 1         | 67.14                | 79.10             | 42             | 30.97                     | 10.91                  |
| 2000         | 29         | 72623          | 2.27  | 50        | 62.44                | 30.60             | 22             | 4.33                      | 6.55                   |
| 2000         | 32         | 263778         | 2.07  | 31        | 34.43                | 13.97             | 15             | 22.21                     | 49.92                  |
| 2000         | 37         | 337380         | 0.46  | 33        | 61.89                | 70.53             | 71             | 79.83                     | 43.02                  |
| 2000         | 41         | 527762         | 1.31  | 17        | 80.73                | 57.29             | 13             | 45.38                     | 35.12                  |
| 2000         | 47         | 726051         | 24.33 | 73        | 26.97                | 7.42              | 3              | 99.77                     | 213.52                 |
| 2000         | 59         | 74187          | 0.37  | 36        | 60.25                | 12.72             | 98             | 72.34                     | 164.06                 |
| 2000         | 68         | 117456         | 5.33  | 80        | 11.21                | 20.54             | 15             | 95.60                     | 125.06                 |
| 2000         | 71         | 459055         | 0.23  | 20        | 49.70                | 4.29              | 86             | 98.45                     | 92.54                  |
| 2000         | 85         | 433782         | 0.19  | 10        | 60.24                | 50.10             | 52             | 33.78                     | 14.05                  |
| 2000         | 86         | 235784         | 0.17  | 5         | 48.47                | 46.13             | 30             | 25.52                     | 56.72                  |
| 2000         | 86         | 504088         | 0.12  | 5         | 61.22                | 89.96             | 41             | 75.64                     | 49.83                  |
| 2000         | 86         | 670323         | 24.0  | 72        | 59.25                | 84.42             | 3              | 65.02                     | 151.10                 |
| 2000         | 91         | 537047         | 1.44  | 82        | 8.10                 | 3.24              | 57             | 6.17                      | 7.99                   |
| 2000         | 95         | 90383          | 0.82  | 79        | 28.89                | 25.74             | 96             | 67.09                     | 60.41                  |
| 2000         | 95         | 471356         | 20.67 | 62        | 99.40                | 158.64            | 3              | 79.94                     | 76.81                  |
| 2000         | 97         | 595947         | 5.18  | 57        | 98.10                | 32.96             | 11             | 68.66                     | 3.63                   |
| 2000         | 98         | 174155         | 1.66  | 63        | 74.58                | 100.07            | 38             | 52.34                     | 45.44                  |
| 2000         | 103        | 12328          | 1.57  | 47        | 42.63                | 37.97             | 30             | 58.97                     | 74.03                  |
| 2000         | 103        | 365780         | 0.92  | 36        | 58.88                | 98.73             | 39             | 71.29                     | 22.05                  |
| 2000         | 103        | 729447         | 2.05  | 84        | 92.56                | 140.05            | 41             | 79.79                     | 71.08                  |
| 2000         | 107        | 14583          | 0.07  | 5         | 73.70                | 104.52            | 76             | 17.72                     | 43.57                  |
| 2000         | 107        | 483901         | 5.88  | 94        | 52.57                | 21.20             | 16             | 42.33                     | 28.64                  |
| 2000         | 109        | 193850         | 2.33  | 93        | 46.39                | 47.92             | 40             | 62.81                     | 85.00                  |
| 2000         | 115        | 663574         | 0.31  | 17        | 68.44                | 97.32             | 54             | 89.42                     | 196.50                 |
| 2000         | 125        | 77300          | 1.21  | 23        | 39.79                | 5.41              | 19             | 94.36                     | 55.27                  |
| 2000         | 127        | 437780         | 0.47  | 22        | 83.16                | 34.92             | 47             | 99.06                     | 29.71                  |
| 2000         | 131        | 76043          | 3.71  | 89        | NULL                 | 12.41             | 24             | 87.75                     | 5.26                   |
| 2000         | 131        | 552499         | 7.56  | 68        | 15.76                | 2.91              | 9              | 55.64                     | 41.49                  |
| 2000         | 139        | 292902         | 1.0   | 50        | 46.50                | 15.62             | 50             | 27.85                     | 13.91                  |
| 2000         | 143        | 415392         | 1.64  | 92        | 47.61                | 53.47             | 56             | 29.03                     | 27.53                  |
| 2000         | 146        | 64114          | 1.77  | 55        | 28.20                | 33.48             | 31             | 99.29                     | 81.49                  |
| 2000         | 146        | 410978         | 2.71  | 19        | 78.37                | 78.33             | 7              | 20.70                     | 0.29                   |
| 2000         | 149        | 74617          | 1.69  | 59        | 92.83                | 52.85             | 35             | 1.00                      | 0.16                   |
| 2000         | 149        | 281944         | 0.68  | 36        | 57.94                | 11.35             | 53             | 50.83                     | 42.93                  |
| 2000         | 149        | 590755         | 0.69  | 68        | 16.82                | 20.99             | 99             | 63.32                     | 1.22                   |
| 2000         | 155        | 446477         | 6.92  | 90        | 71.46                | 32.60             | 13             | 26.78                     | 25.85                  |
| 2000         | 155        | 745354         | 2.26  | 79        | 47.85                | 7.36              | 35             | 96.16                     | 188.56                 |
| 2000         | 164        | 363923         | 0.09  | 8         | 14.93                | 22.52             | 88             | 52.19                     | 40.44                  |
| 2000         | 167        | 510997         | 0.22  | 13        | 69.63                | 96.80             | 58             | 6.20                      | 1.07                   |
| 2000         | 173        | 158898         | 7.67  | 69        | 16.44                | 3.84              | 9              | 76.96                     | 30.55                  |
| 2000         | 175        | 303824         | 7.44  | 67        | 64.86                | 17.53             | 9              | 61.74                     | 29.59                  |
| 2000         | 176        | 648700         | 9.75  | 39        | 25.32                | 3.53              | 4              | 96.10                     | 21.83                  |
| 2000         | 203        | 336396         | 0.31  | 14        | 98.24                | 119.45            | 45             | 80.91                     | 61.79                  |
| 2000         | 205        | 581182         | 0.64  | 16        | 59.09                | 53.23             | 25             | 72.56                     | 43.09                  |
| 2000         | 206        | 595021         | NULL  | NULL      | NULL                 | NULL              | 52             | 83.81                     | 85.82                  |
| 2000         | 209        | 79534          | 0.64  | 41        | 31.63                | 30.33             | 64             | 19.35                     | 21.09                  |
| 2000         | 209        | 403896         | 1.9   | 55        | 79.39                | 37.86             | 29             | 85.27                     | 41.10                  |
| 2000         | 211        | 589675         | 4.47  | 67        | 45.27                | 6.53              | 15             | 56.54                     | 28.78                  |
| 2000         | 215        | 517727         | 0.91  | 64        | 51.34                | 44.31             | 70             | 37.70                     | 47.05                  |
| 2000         | 215        | 563960         | 0.49  | 21        | 4.67                 | 0.75              | 43             | 98.14                     | 196.07                 |
| 2000         | 218        | 243378         | 1.17  | 54        | 8.63                 | 1.73              | 46             | 58.71                     | 38.04                  |
| 2000         | 218        | 549384         | 2.05  | 39        | 46.13                | 20.58             | 19             | 21.43                     | 19.78                  |
| 2000         | 218        | 607985         | 0.12  | 9         | 29.35                | 25.03             | 74             | 45.25                     | 3.93                   |
| 2000         | 223        | 406479         | 2.26  | 52        | 55.76                | 68.13             | 23             | 86.43                     | 111.62                 |
| 2000         | 223        | 596015         | 0.74  | 57        | 6.13                 | 7.32              | 77             | 61.00                     | 23.28                  |
| 2000         | 227        | 494619         | 1.56  | 95        | 74.68                | 38.68             | 61             | 72.97                     | 128.24                 |
| 2000         | 229        | 77621          | 0.63  | 59        | 20.97                | 7.63              | 94             | 14.28                     | 8.91                   |
| 2000         | 229        | 155073         | 0.16  | 14        | 91.77                | 24.49             | 88             | 56.37                     | 68.34                  |
| 2000         | 230        | 128679         | 3.84  | 96        | 62.44                | 3.02              | 25             | 98.22                     | 141.90                 |
| 2000         | 230        | 170666         | 0.46  | 36        | 37.75                | 53.08             | 79             | 68.03                     | 21.40                  |
| 2000         | 230        | 537022         | 0.54  | 54        | 8.08                 | 6.45              | 100            | 16.28                     | 5.19                   |
| 2000         | 233        | 386948         | 0.81  | 77        | 23.07                | 22.06             | 95             | 18.17                     | 19.81                  |
| 2000         | 239        | 83381          | 0.92  | 84        | 22.25                | 10.34             | 91             | 25.28                     | 25.55                  |
| 2000         | 239        | 336262         | 0.52  | 46        | 69.97                | 35.13             | 88             | 4.84                      | 8.41                   |
| 2000         | 241        | 416816         | 3.24  | 94        | 46.44                | 41.07             | 29             | 49.34                     | 19.49                  |
| 2000         | 242        | 61405          | 22.67 | 68        | 67.22                | 76.69             | 3              | 56.47                     | 35.52                  |
| 2000         | 251        | 30829          | 0.46  | 31        | 92.35                | 98.62             | 68             | 63.59                     | 14.57                  |
| 2000         | 251        | 717491         | 0.26  | 10        | 79.91                | 50.63             | 38             | 77.51                     | 112.54                 |
| 2000         | 259        | 377489         | 0.2   | 16        | 67.19                | 62.67             | 81             | 44.49                     | 60.07                  |
| 2000         | 259        | 447240         | 0.65  | 62        | 86.31                | 76.58             | 96             | 14.74                     | 24.15                  |
| 2000         | 260        | 374087         | 1.76  | 72        | 89.44                | 123.15            | 41             | 20.73                     | 46.67                  |
| 2000         | 265        | 453797         | 13.33 | 80        | 49.62                | 28.44             | 6              | 41.82                     | 39.20                  |
| 2000         | 275        | 595138         | 1.08  | 79        | 57.26                | 24.31             | 73             | 52.36                     | 137.76                 |
| 2000         | 283        | 553768         | 6.64  | 93        | 52.65                | 94.03             | 14             | 29.50                     | 38.61                  |
| 2000         | 284        | 66050          | 10.88 | 87        | 3.37                 | 2.03              | 8              | 12.38                     | 0.35                   |
| 2000         | 284        | 670316         | 2.17  | 87        | 50.56                | 0.00              | 40             | 51.00                     | 102.32                 |
| 2000         | 289        | 354500         | 2.46  | 96        | 64.92                | 12.50             | 39             | 42.17                     | 63.41                  |
| 2000         | 293        | 43696          | 3.56  | 96        | 66.55                | 22.19             | 27             | 27.19                     | 46.12                  |
| 2000         | 293        | 173236         | 2.07  | 89        | 40.32                | 37.84             | 43             | 81.30                     | 37.02                  |
| 2000         | 296        | 225343         | 0.46  | 26        | 36.19                | 0.89              | 56             | 90.96                     | 84.33                  |
| 2000         | 299        | 78070          | 2.83  | 34        | 60.64                | 61.03             | 12             | 72.75                     | 110.09                 |
| 2000         | 299        | 523954         | 1.37  | 59        | 98.53                | 12.59             | 43             | 93.07                     | 58.86                  |
| 2000         | 301        | 625066         | 10.0  | 10        | 86.92                | 61.26             | 1              | 38.09                     | 5.75                   |
| 2000         | 301        | 755580         | 2.24  | 47        | 59.01                | 64.60             | 21             | 91.60                     | 189.93                 |
| 2000         | 302        | 291903         | 2.78  | 64        | 26.04                | 0.00              | 23             | 58.78                     | 67.44                  |
| 2000         | 308        | 315150         | 3.24  | 94        | 63.84                | 46.13             | 29             | 24.63                     | 17.18                  |
| 2000         | 317        | 372084         | 0.74  | 23        | 29.66                | 4.69              | 31             | 57.08                     | 54.16                  |
| 2000         | 317        | 731758         | 0.44  | 35        | 48.39                | 56.86             | 80             | 23.68                     | 17.78                  |
| 2000         | 319        | 76198          | 1.26  | 43        | 37.18                | 40.35             | 34             | 97.45                     | 56.44                  |
| 2000         | 320        | 253254         | 1.08  | 67        | 48.97                | 50.16             | 62             | 73.95                     | 0.00                   |
| 2000         | 320        | 567043         | 1.46  | 67        | 93.54                | 71.79             | 46             | 6.97                      | 16.02                  |
| 2000         | 320        | 705262         | 4.69  | 75        | 53.81                | 92.57             | 16             | 50.83                     | 80.81                  |
| 2000         | 325        | 493407         | 7.86  | 55        | 80.65                | 67.06             | 7              | 84.44                     | 106.36                 |
+--------------+------------+----------------+-------+-----------+----------------------+-------------------+----------------+---------------------------+------------------------+
