+------------------+-------------+-----------------+-------------+-----------------+-------------+-----------------+-----------+
| item_id          | sr_item_qty | sr_dev          | cr_item_qty | cr_dev          | wr_item_qty | wr_dev          | average   |
+------------------+-------------+-----------------+-------------+-----------------+-------------+-----------------+-----------+
| AAAAAAAAABJGAAAA | 6           | 2.222222222222  | 23          | 8.518518518519  | 61          | 22.592592592593 | 30.000000 |
| AAAAAAAAACGAAAAA | 62          | 20.666666666667 | 1           | 0.333333333333  | 37          | 12.333333333333 | 33.333333 |
| AAAAAAAAACMIAAAA | 88          | 14.740368509213 | 52          | 8.710217755444  | 59          | 9.882747068677  | 66.333333 |
| AAAAAAAAADGNAAAA | 2           | 2.898550724638  | 13          | 18.840579710145 | 8           | 11.594202898551 | 7.666667  |
| AAAAAAAAAEPDAAAA | 34          | 10.591900311526 | 8           | 2.492211838006  | 65          | 20.249221183801 | 35.666667 |
| AAAAAAAAAGLIAAAA | 24          | 14.035087719298 | 30          | 17.543859649123 | 3           | 1.754385964912  | 19.000000 |
| AAAAAAAAAIBHAAAA | 9           | 3.409090909091  | 6           | 2.272727272727  | 73          | 27.651515151515 | 29.333333 |
| AAAAAAAAAKCHBAAA | 16          | 4.040404040404  | 65          | 16.414141414141 | 51          | 12.878787878788 | 44.000000 |
| AAAAAAAAANMNAAAA | 47          | 27.011494252874 | 8           | 4.597701149425  | 3           | 1.724137931034  | 19.333333 |
| AAAAAAAAAPIHBAAA | 4           | 2.259887005650  | 17          | 9.604519774011  | 38          | 21.468926553672 | 19.666667 |
| AAAAAAAABALGBAAA | 24          | 12.307692307692 | 30          | 15.384615384615 | 11          | 5.641025641026  | 21.666667 |
| AAAAAAAABALHAAAA | 12          | NULL            | NULL        | NULL            | 5           | NULL            | NULL      |
| AAAAAAAABDGDAAAA | 8           | 4.938271604938  | 41          | 25.308641975309 | 5           | 3.086419753086  | 18.000000 |
| AAAAAAAACAJGAAAA | 31          | 11.742424242424 | 50          | 18.939393939394 | 7           | 2.651515151515  | 29.333333 |
| AAAAAAAACDIPAAAA | 109         | 24.716553287982 | 10          | 2.267573696145  | 28          | 6.349206349206  | 49.000000 |
| AAAAAAAACFJBAAAA | 2           | 3.508771929825  | 3           | 5.263157894737  | 14          | 24.561403508772 | 6.333333  |
| AAAAAAAACIGMAAAA | 20          | 6.666666666667  | 31          | 10.333333333333 | 49          | 16.333333333333 | 33.333333 |
| AAAAAAAACLBDAAAA | 32          | 9.876543209877  | 48          | 14.814814814815 | 28          | 8.641975308642  | 36.000000 |
| AAAAAAAACLGMAAAA | 17          | 3.413654618474  | 79          | 15.863453815261 | 70          | 14.056224899598 | 55.333333 |
| AAAAAAAACMBBBAAA | 2           | 2.898550724638  | 15          | 21.739130434783 | 6           | 8.695652173913  | 7.666667  |
| AAAAAAAACOOFAAAA | 24          | 5.633802816901  | 58          | 13.615023474178 | 60          | 14.084507042254 | 47.333333 |
| AAAAAAAACPJIBAAA | 75          | 17.123287671233 | 54          | 12.328767123288 | 17          | 3.881278538813  | 48.666667 |
| AAAAAAAADANAAAAA | 46          | 21.296296296296 | 4           | 1.851851851852  | 22          | 10.185185185185 | 24.000000 |
| AAAAAAAADBAFBAAA | 5           | 1.068376068376  | 64          | 13.675213675214 | 87          | 18.589743589744 | 52.000000 |
| AAAAAAAADBLEAAAA | 18          | 10.344827586207 | 30          | 17.241379310345 | 10          | 5.747126436782  | 19.333333 |
| AAAAAAAADCALAAAA | 10          | 2.898550724638  | 44          | 12.753623188406 | 61          | 17.681159420290 | 38.333333 |
| AAAAAAAADDMHAAAA | 20          | 11.299435028249 | 9           | 5.084745762712  | 30          | 16.949152542373 | 19.666667 |
| AAAAAAAADEAPAAAA | 29          | 17.901234567901 | 18          | 11.111111111111 | 7           | 4.320987654321  | 18.000000 |
| AAAAAAAADEJFBAAA | 1           | 1.010101010101  | 24          | 24.242424242424 | 8           | 8.080808080808  | 11.000000 |
| AAAAAAAADFJIAAAA | 41          | 18.981481481481 | 7           | 3.240740740741  | 24          | 11.111111111111 | 24.000000 |
| AAAAAAAADFMIAAAA | 1           | 0.450450450450  | 20          | 9.009009009009  | 53          | 23.873873873874 | 24.666667 |
| AAAAAAAADIEGBAAA | 29          | 8.479532163743  | 63          | 18.421052631579 | 22          | 6.432748538012  | 38.000000 |
| AAAAAAAADIOCBAAA | 5           | NULL            | 32          | NULL            | NULL        | NULL            | NULL      |
| AAAAAAAADNHFAAAA | 2           | 0.877192982456  | 72          | 31.578947368421 | 2           | 0.877192982456  | 25.333333 |
| AAAAAAAADOKKAAAA | 20          | 6.349206349206  | 68          | 21.587301587302 | 17          | 5.396825396825  | 35.000000 |
| AAAAAAAADPLBBAAA | 13          | 12.380952380952 | 18          | 17.142857142857 | 4           | 3.809523809524  | 11.666667 |
| AAAAAAAAEBNCAAAA | 78          | 19.402985074627 | 50          | 12.437810945274 | 6           | 1.492537313433  | 44.666667 |
| AAAAAAAAECBPAAAA | 74          | 16.335540838852 | 40          | 8.830022075055  | 37          | 8.167770419426  | 50.333333 |
| AAAAAAAAEGCKAAAA | 10          | 5.376344086022  | 13          | 6.989247311828  | 39          | 20.967741935484 | 20.666667 |
| AAAAAAAAEIDHBAAA | 76          | 31.275720164609 | 3           | 1.234567901235  | 2           | 0.823045267490  | 27.000000 |
| AAAAAAAAEJEPAAAA | 43          | 19.369369369369 | 5           | 2.252252252252  | 26          | 11.711711711712 | 24.666667 |
| AAAAAAAAEJFEAAAA | 55          | 11.530398322851 | 56          | 11.740041928721 | 48          | 10.062893081761 | 53.000000 |
| AAAAAAAAEKHKAAAA | 132         | 22.222222222222 | 8           | 1.346801346801  | 58          | 9.764309764310  | 66.000000 |
| AAAAAAAAEKPLAAAA | 78          | 15.853658536585 | 60          | 12.195121951220 | 26          | 5.284552845528  | 54.666667 |
| AAAAAAAAENJFAAAA | 31          | 6.262626262626  | 89          | 17.979797979798 | 45          | 9.090909090909  | 55.000000 |
| AAAAAAAAEPILAAAA | 39          | 9.420289855072  | 40          | 9.661835748792  | 59          | 14.251207729469 | 46.000000 |
| AAAAAAAAFAGCAAAA | 1           | 1.515151515152  | 9           | 13.636363636364 | 12          | 18.181818181818 | 7.333333  |
| AAAAAAAAFAHDBAAA | 3           | 1.785714285714  | 28          | 16.666666666667 | 25          | 14.880952380952 | 18.666667 |
| AAAAAAAAFBOOAAAA | 7           | 2.064896755162  | 46          | 13.569321533923 | 60          | 17.699115044248 | 37.666667 |
| AAAAAAAAFCIABAAA | 22          | 14.965986394558 | 5           | 3.401360544218  | 22          | 14.965986394558 | 16.333333 |
| AAAAAAAAFDDFAAAA | 89          | 12.258953168044 | 63          | 8.677685950413  | 90          | 12.396694214876 | 80.666667 |
| AAAAAAAAFGNNAAAA | 44          | 16.666666666667 | 40          | 15.151515151515 | 4           | 1.515151515152  | 29.333333 |
| AAAAAAAAFMOAAAAA | 5           | 16.666666666667 | 4           | 13.333333333333 | 1           | 3.333333333333  | 3.333333  |
| AAAAAAAAGBHPAAAA | 5           | 3.787878787879  | 18          | 13.636363636364 | 21          | 15.909090909091 | 14.666667 |
| AAAAAAAAGFCHAAAA | 24          | 10.810810810811 | 47          | 21.171171171171 | 3           | 1.351351351351  | 24.666667 |
| AAAAAAAAGGEFBAAA | 67          | 22.112211221122 | 10          | 3.300330033003  | 24          | 7.920792079208  | 33.666667 |
| AAAAAAAAGHFHAAAA | 44          | 19.555555555556 | 10          | 4.444444444444  | 21          | 9.333333333333  | 25.000000 |
| AAAAAAAAGKHIBAAA | 3           | 1.538461538462  | 39          | 20.000000000000 | 23          | 11.794871794872 | 21.666667 |
| AAAAAAAAGLBIAAAA | 15          | 10.869565217391 | 25          | 18.115942028986 | 6           | 4.347826086957  | 15.333333 |
| AAAAAAAAGLFEAAAA | 3           | 1.315789473684  | 48          | 21.052631578947 | 25          | 10.964912280702 | 25.333333 |
| AAAAAAAAGMEIBAAA | 39          | 30.232558139535 | 3           | 2.325581395349  | 1           | 0.775193798450  | 14.333333 |
| AAAAAAAAGMGHAAAA | 109         | 22.020202020202 | 38          | 7.676767676768  | 18          | 3.636363636364  | 55.000000 |
| AAAAAAAAGNIKAAAA | 14          | 5.426356589147  | 22          | 8.527131782946  | 50          | 19.379844961240 | 28.666667 |
| AAAAAAAAGOGAAAAA | 5           | 6.666666666667  | 4           | 5.333333333333  | 16          | 21.333333333333 | 8.333333  |
| AAAAAAAAGPOMAAAA | 52          | 21.666666666667 | 24          | 10.000000000000 | 4           | 1.666666666667  | 26.666667 |
| AAAAAAAAHACABAAA | 47          | 10.042735042735 | 32          | 6.837606837607  | 77          | 16.452991452991 | 52.000000 |
| AAAAAAAAHFFCAAAA | 11          | 7.638888888889  | 1           | 0.694444444444  | 36          | 25.000000000000 | 16.000000 |
| AAAAAAAAHFOCAAAA | 1           | 1.041666666667  | 26          | 27.083333333333 | 5           | 5.208333333333  | 10.666667 |
| AAAAAAAAHHJBBAAA | 44          | 26.666666666667 | 9           | 5.454545454545  | 2           | 1.212121212121  | 18.333333 |
| AAAAAAAAHHNKAAAA | 116         | 20.677361853832 | 22          | 3.921568627451  | 49          | 8.734402852050  | 62.333333 |
| AAAAAAAAHJADAAAA | 81          | 19.708029197080 | 55          | 13.381995133820 | 1           | 0.243309002433  | 45.666667 |
| AAAAAAAAHJOHAAAA | 1           | 0.617283950617  | 11          | 6.790123456790  | 42          | 25.925925925926 | 18.000000 |
| AAAAAAAAHLOHBAAA | 14          | 14.141414141414 | 3           | 3.030303030303  | 16          | 16.161616161616 | 11.000000 |
| AAAAAAAAHLPEAAAA | 7           | 1.609195402299  | 78          | 17.931034482759 | 60          | 13.793103448276 | 48.333333 |
| AAAAAAAAHNFCBAAA | 83          | 18.322295805740 | 60          | 13.245033112583 | 8           | 1.766004415011  | 50.333333 |
| AAAAAAAAHOEIBAAA | 35          | 12.681159420290 | 35          | 12.681159420290 | 22          | 7.971014492754  | 30.666667 |
| AAAAAAAAHOIIAAAA | 10          | 3.546099290780  | 83          | 29.432624113475 | 1           | 0.354609929078  | 31.333333 |
| AAAAAAAAHOKDAAAA | 5           | 16.666666666667 | 1           | 3.333333333333  | 4           | 13.333333333333 | 3.333333  |
| AAAAAAAAHPCDBAAA | 45          | 21.126760563380 | 11          | 5.164319248826  | 15          | 7.042253521127  | 23.666667 |
| AAAAAAAAIAKBBAAA | 19          | 14.728682170543 | 15          | 11.627906976744 | 9           | 6.976744186047  | 14.333333 |
| AAAAAAAAIBADBAAA | 12          | 10.526315789474 | 7           | 6.140350877193  | 19          | 16.666666666667 | 12.666667 |
| AAAAAAAAIBKAAAAA | 54          | 19.148936170213 | 37          | 13.120567375887 | 3           | 1.063829787234  | 31.333333 |
| AAAAAAAAIBLCBAAA | 14          | 4.057971014493  | 95          | 27.536231884058 | 6           | 1.739130434783  | 38.333333 |
| AAAAAAAAICFABAAA | 19          | 12.418300653595 | 12          | 7.843137254902  | 20          | 13.071895424837 | 17.000000 |
| AAAAAAAAICPDBAAA | 3           | 2.000000000000  | 12          | 8.000000000000  | 35          | 23.333333333333 | 16.666667 |
| AAAAAAAAIEIBBAAA | 1           | 0.595238095238  | 44          | 26.190476190476 | 11          | 6.547619047619  | 18.666667 |
| AAAAAAAAIEMOAAAA | 30          | 18.181818181818 | 6           | 3.636363636364  | 19          | 11.515151515152 | 18.333333 |
| AAAAAAAAIFEDAAAA | 61          | 18.154761904762 | 6           | 1.785714285714  | 45          | 13.392857142857 | 37.333333 |
| AAAAAAAAIFKOAAAA | 25          | 21.929824561404 | 3           | 2.631578947368  | 10          | 8.771929824561  | 12.666667 |
| AAAAAAAAIICIAAAA | 10          | 3.831417624521  | 49          | 18.773946360153 | 28          | 10.727969348659 | 29.000000 |
| AAAAAAAAILPGBAAA | 4           | 1.851851851852  | 5           | 2.314814814815  | 63          | 29.166666666667 | 24.000000 |
| AAAAAAAAIOEJAAAA | 3           | 3.225806451613  | 12          | 12.903225806452 | 16          | 17.204301075269 | 10.333333 |
| AAAAAAAAIOLIAAAA | 79          | 20.256410256410 | 50          | 12.820512820513 | 1           | 0.256410256410  | 43.333333 |
| AAAAAAAAIPPLAAAA | 21          | 22.580645161290 | 5           | 5.376344086022  | 5           | 5.376344086022  | 10.333333 |
| AAAAAAAAJBGFBAAA | 22          | 10.045662100457 | 46          | 21.004566210046 | 5           | 2.283105022831  | 24.333333 |
| AAAAAAAAJDMNAAAA | 21          | 7.291666666667  | 4           | 1.388888888889  | 71          | 24.652777777778 | 32.000000 |
| AAAAAAAAJFLCBAAA | 11          | 6.321839080460  | 4           | 2.298850574713  | 43          | 24.712643678161 | 19.333333 |
| AAAAAAAAJHEHBAAA | 172         | 28.524046434494 | 8           | 1.326699834163  | 21          | 3.482587064677  | 67.000000 |
| AAAAAAAAJJBDAAAA | 58          | 20.567375886525 | 24          | 8.510638297872  | 12          | 4.255319148936  | 31.333333 |
| AAAAAAAAJMIIAAAA | 63          | 25.301204819277 | 14          | 5.622489959839  | 6           | 2.409638554217  | 27.666667 |
+------------------+-------------+-----------------+-------------+-----------------+-------------+-----------------+-----------+
