+------------------+-------------+------------+-------------+------------+-------------+------------+--------------+
| item_id          | ss_item_rev | ss_dev     | cs_item_rev | cs_dev     | ws_item_rev | ws_dev     | average      |
+------------------+-------------+------------+-------------+------------+-------------+------------+--------------+
| AAAAAAAAAEMEAAAA | 10253.32    | 94.667000  | 11022.34    | 101.767300 | 11217.13    | 103.565700 | 10830.930000 |
| AAAAAAAAAFGCAAAA | 12523.84    | 100.212100 | 12773.39    | 102.208900 | 12194.77    | 97.579000  | 12497.333333 |
| AAAAAAAAANAHAAAA | 15228.29    | 103.135700 | 15169.49    | 102.737500 | 13898.10    | 94.126800  | 14765.293333 |
| AAAAAAAABCLFAAAA | 12415.08    | 103.028000 | 11529.56    | 95.679400  | 12205.95    | 101.292500 | 12050.196667 |
| AAAAAAAABGMDAAAA | 23110.81    | 103.643900 | 21124.86    | 94.737600  | 22659.21    | 101.618600 | 22298.293333 |
| AAAAAAAABGPDAAAA | 13470.91    | 99.190500  | 13440.23    | 98.964600  | 13831.39    | 101.844900 | 13580.843333 |
| AAAAAAAABKFGAAAA | 9804.81     | 95.939700  | 10259.63    | 100.390100 | 10594.84    | 103.670100 | 10219.760000 |
| AAAAAAAACBMHAAAA | 6333.75     | 99.888000  | 6542.86     | 103.185800 | 6145.95     | 96.926200  | 6340.853333  |
| AAAAAAAACIKAAAAA | 5492.66     | 104.169700 | 5198.72     | 98.595100  | 5127.02     | 97.235200  | 5272.800000  |
| AAAAAAAACJBHAAAA | 12564.70    | 94.492600  | 13804.61    | 103.817400 | 13521.73    | 101.690000 | 13297.013333 |
| AAAAAAAADHOEAAAA | 10141.57    | 95.862200  | 10959.72    | 103.595700 | 10636.68    | 100.542200 | 10579.323333 |
| AAAAAAAADMMBAAAA | 5754.87     | 96.901400  | 5935.68     | 99.945900  | 6126.12     | 103.152600 | 5938.890000  |
| AAAAAAAADNPAAAAA | 15299.37    | 103.094900 | 14914.48    | 100.501300 | 14306.41    | 96.403800  | 14840.086667 |
| AAAAAAAAEJOHAAAA | 9282.37     | 100.319300 | 9085.34     | 98.189900  | 9390.78     | 101.490900 | 9252.830000  |
| AAAAAAAAFKOFAAAA | 17219.20    | 95.527700  | 18855.62    | 104.606100 | 18001.22    | 99.866200  | 18025.346667 |
| AAAAAAAAGMCIAAAA | 9556.34     | 98.396000  | 9653.63     | 99.397700  | 9926.41     | 102.206300 | 9712.126667  |
| AAAAAAAAHMPAAAAA | 15242.12    | 95.768500  | 16291.52    | 102.362100 | 16213.10    | 101.869400 | 15915.580000 |
| AAAAAAAAICLFAAAA | 16864.15    | 101.656200 | 16291.85    | 98.206400  | 16612.20    | 100.137400 | 16589.400000 |
| AAAAAAAAIHDFAAAA | 13828.43    | 95.947200  | 14932.37    | 103.606800 | 14476.83    | 100.446000 | 14412.543333 |
| AAAAAAAAINJHAAAA | 12083.10    | 101.768400 | 11996.16    | 101.036100 | 11540.15    | 97.195500  | 11873.136667 |
| AAAAAAAAJILAAAAA | 8492.43     | 96.266400  | 9030.28     | 102.363200 | 8942.69     | 101.370400 | 8821.800000  |
| AAAAAAAAKCLFAAAA | 7546.14     | 103.850800 | 7274.91     | 100.118100 | 6977.93     | 96.031100  | 7266.326667  |
| AAAAAAAAKDIHAAAA | 11257.13    | 99.826000  | 11816.92    | 104.790200 | 10756.19    | 95.383800  | 11276.746667 |
| AAAAAAAAKGDAAAAA | 15948.27    | 102.904100 | 14644.55    | 94.492100  | 15901.72    | 102.603800 | 15498.180000 |
| AAAAAAAAKMICAAAA | 18917.69    | 96.810100  | 18923.76    | 96.841200  | 20781.62    | 106.348700 | 19541.023333 |
| AAAAAAAAKOODAAAA | 5542.11     | 96.092300  | 6053.88     | 104.965700 | 5706.46     | 98.941900  | 5767.483333  |
| AAAAAAAALIPDAAAA | 11679.72    | 100.573100 | 11066.49    | 95.292600  | 12093.30    | 104.134400 | 11613.170000 |
| AAAAAAAAMMJHAAAA | 12894.06    | 102.002500 | 12923.47    | 102.235200 | 12105.23    | 95.762300  | 12640.920000 |
| AAAAAAAANDHCAAAA | 5843.69     | 94.892600  | 6217.29     | 100.959300 | 6413.67     | 104.148200 | 6158.216667  |
| AAAAAAAANFPBAAAA | 19651.40    | 101.329000 | 18955.88    | 97.742700  | 19573.68    | 100.928300 | 19393.653333 |
| AAAAAAAAOECAAAAA | 6618.18     | 96.333100  | 6893.08     | 100.334500 | 7099.04     | 103.332400 | 6870.100000  |
| AAAAAAAAOFHGAAAA | 6796.18     | 100.354200 | 6707.40     | 99.043300  | 6812.99     | 100.602500 | 6772.190000  |
| AAAAAAAAOKEHAAAA | 15777.28    | 102.415400 | 15861.68    | 102.963300 | 14576.59    | 94.621300  | 15405.183333 |
| AAAAAAAAOLJBAAAA | 14385.49    | 104.228000 | 13111.99    | 95.001000  | 13908.35    | 100.771000 | 13801.943333 |
+------------------+-------------+------------+-------------+------------+-------------+------------+--------------+
