+------------------+-------------+-----------------+-------------+-----------------+-------------+-----------------+------------+
| item_id          | sr_item_qty | sr_dev          | cr_item_qty | cr_dev          | wr_item_qty | wr_dev          | average    |
+------------------+-------------+-----------------+-------------+-----------------+-------------+-----------------+------------+
| AAAAAAAAAAABAAAA | 95          | 26.610644257703 | 23          | 6.442577030812  | 1           | 0.280112044818  | 39.666667  |
| AAAAAAAAAAACAAAA | 155         | 26.632302405498 | 18          | 3.092783505155  | 21          | 3.608247422680  | 64.666667  |
| AAAAAAAAAABAAAAA | 125         | 19.936204146730 | 7           | 1.116427432217  | 77          | 12.280701754386 | 69.666667  |
| AAAAAAAAAABEAAAA | 105         | 20.348837209302 | 37          | 7.170542635659  | 30          | 5.813953488372  | 57.333333  |
| AAAAAAAAAABGAAAA | 86          | 14.333333333333 | 88          | 14.666666666667 | 26          | 4.333333333333  | 66.666667  |
| AAAAAAAAAADBAAAA | 33          | 6.547619047619  | 68          | 13.492063492063 | 67          | 13.293650793651 | 56.000000  |
| AAAAAAAAAAFCAAAA | 198         | 21.782178217822 | 48          | 5.280528052805  | 57          | 6.270627062706  | 101.000000 |
| AAAAAAAAAAHAAAAA | 121         | 28.605200945626 | 1           | 0.236406619385  | 19          | 4.491725768322  | 47.000000  |
| AAAAAAAAAAHHAAAA | 41          | 8.086785009862  | 60          | 11.834319526627 | 68          | 13.412228796844 | 56.333333  |
| AAAAAAAAAAIFAAAA | 85          | 14.096185737977 | 83          | 13.764510779436 | 33          | 5.472636815920  | 67.000000  |
| AAAAAAAAAAJFAAAA | 89          | 24.119241192412 | 29          | 7.859078590786  | 5           | 1.355013550136  | 41.000000  |
| AAAAAAAAAAKEAAAA | 130         | 26.584867075665 | 19          | 3.885480572597  | 14          | 2.862985685072  | 54.333333  |
| AAAAAAAAAALAAAAA | 6           | 3.571428571429  | 8           | 4.761904761905  | 42          | 25.000000000000 | 18.666667  |
| AAAAAAAAAALDAAAA | 39          | 9.420289855072  | 22          | 5.314009661836  | 77          | 18.599033816425 | 46.000000  |
| AAAAAAAAAALGAAAA | 82          | 13.874788494078 | 56          | 9.475465313029  | 59          | 9.983079526227  | 65.666667  |
| AAAAAAAAAAMEAAAA | 46          | 18.253968253968 | 34          | 13.492063492063 | 4           | 1.587301587302  | 28.000000  |
| AAAAAAAAAANDAAAA | 52          | 21.138211382114 | 2           | 0.813008130081  | 28          | 11.382113821138 | 27.333333  |
| AAAAAAAAAAOFAAAA | NULL        | NULL            | 21          | NULL            | 40          | NULL            | NULL       |
| AAAAAAAAAAPBAAAA | 29          | 18.954248366013 | 1           | 0.653594771242  | 21          | 13.725490196078 | 17.000000  |
| AAAAAAAAAAPCAAAA | 107         | NULL            | 5           | NULL            | NULL        | NULL            | NULL       |
| AAAAAAAAAAPFAAAA | 34          | 18.279569892473 | 11          | 5.913978494624  | 17          | 9.139784946237  | 20.666667  |
| AAAAAAAAABBCAAAA | 7           | 5.982905982906  | 31          | 26.495726495727 | 1           | 0.854700854701  | 13.000000  |
| AAAAAAAAABCCAAAA | 57          | 22.093023255814 | 27          | 10.465116279070 | 2           | 0.775193798450  | 28.666667  |
| AAAAAAAAABCEAAAA | 171         | 32.203389830508 | 1           | 0.188323917137  | 5           | 0.941619585687  | 59.000000  |
| AAAAAAAAABDGAAAA | 2           | 1.851851851852  | 4           | 3.703703703704  | 30          | 27.777777777778 | 12.000000  |
| AAAAAAAAABEDAAAA | 22          | 16.296296296296 | 7           | 5.185185185185  | 16          | 11.851851851852 | 15.000000  |
| AAAAAAAAABEGAAAA | 54          | 17.647058823529 | 45          | 14.705882352941 | 3           | 0.980392156863  | 34.000000  |
| AAAAAAAAABFCAAAA | 34          | 10.493827160494 | 48          | 14.814814814815 | 26          | 8.024691358025  | 36.000000  |
| AAAAAAAAABFFAAAA | 334         | 28.114478114478 | 43          | 3.619528619529  | 19          | 1.599326599327  | 132.000000 |
| AAAAAAAAABFHAAAA | 112         | 14.358974358974 | 97          | 12.435897435897 | 51          | 6.538461538462  | 86.666667  |
| AAAAAAAAABGDAAAA | 84          | 13.270142180095 | 110         | 17.377567140600 | 17          | 2.685624012638  | 70.333333  |
| AAAAAAAAABGEAAAA | 151         | 29.434697855750 | 12          | 2.339181286550  | 8           | 1.559454191033  | 57.000000  |
| AAAAAAAAABGHAAAA | 92          | 15.972222222222 | 52          | 9.027777777778  | 48          | 8.333333333333  | 64.000000  |
| AAAAAAAAABHGAAAA | 218         | 25.319396051103 | 61          | 7.084785133566  | 8           | 0.929152148664  | 95.666667  |
| AAAAAAAAABICAAAA | 125         | NULL            | NULL        | NULL            | 79          | NULL            | NULL       |
| AAAAAAAAABLFAAAA | 89          | 20.601851851852 | 52          | 12.037037037037 | 3           | 0.694444444444  | 48.000000  |
| AAAAAAAAABMAAAAA | 66          | NULL            | 68          | NULL            | NULL        | NULL            | NULL       |
| AAAAAAAAABOBAAAA | 73          | 20.448179271709 | 44          | 12.324929971989 | 2           | 0.560224089636  | 39.666667  |
| AAAAAAAAABOEAAAA | 21          | 6.730769230769  | 4           | 1.282051282051  | 79          | 25.320512820513 | 34.666667  |
| AAAAAAAAABPBAAAA | 141         | 24.479166666667 | 39          | 6.770833333333  | 12          | 2.083333333333  | 64.000000  |
| AAAAAAAAABPDAAAA | 59          | 21.611721611722 | 19          | 6.959706959707  | 13          | 4.761904761905  | 30.333333  |
| AAAAAAAAABPGAAAA | 124         | 17.739628040057 | 69          | 9.871244635193  | 40          | 5.722460658083  | 77.666667  |
| AAAAAAAAACAGAAAA | 31          | NULL            | 56          | NULL            | NULL        | NULL            | NULL       |
| AAAAAAAAACBBAAAA | 65          | 15.151515151515 | 73          | 17.016317016317 | 5           | 1.165501165501  | 47.666667  |
| AAAAAAAAACCEAAAA | 79          | 25.320512820513 | 8           | 2.564102564103  | 17          | 5.448717948718  | 34.666667  |
| AAAAAAAAACCGAAAA | 78          | 26.530612244898 | 4           | 1.360544217687  | 16          | 5.442176870748  | 32.666667  |
| AAAAAAAAACEEAAAA | 184         | 26.210826210826 | 20          | 2.849002849003  | 30          | 4.273504273504  | 78.000000  |
| AAAAAAAAACEFAAAA | 4           | 1.049868766404  | 120         | 31.496062992126 | 3           | 0.787401574803  | 42.333333  |
| AAAAAAAAACFDAAAA | 205         | 31.490015360983 | 6           | 0.921658986175  | 6           | 0.921658986175  | 72.333333  |
| AAAAAAAAACGAAAAA | 92          | 20.309050772627 | 24          | 5.298013245033  | 35          | 7.726269315673  | 50.333333  |
| AAAAAAAAACIBAAAA | 12          | 7.272727272727  | 10          | 6.060606060606  | 33          | 20.000000000000 | 18.333333  |
| AAAAAAAAACIEAAAA | 112         | NULL            | 43          | NULL            | NULL        | NULL            | NULL       |
| AAAAAAAAACJCAAAA | 53          | 18.794326241135 | 23          | 8.156028368794  | 18          | 6.382978723404  | 31.333333  |
| AAAAAAAAACKBAAAA | 45          | 14.423076923077 | 44          | 14.102564102564 | 15          | 4.807692307692  | 34.666667  |
| AAAAAAAAACKEAAAA | 126         | 19.718309859155 | 42          | 6.572769953052  | 45          | 7.042253521127  | 71.000000  |
| AAAAAAAAACKHAAAA | 147         | 21.120689655172 | 72          | 10.344827586207 | 13          | 1.867816091954  | 77.333333  |
| AAAAAAAAACLDAAAA | 1           | 2.083333333333  | 6           | 12.500000000000 | 9           | 18.750000000000 | 5.333333   |
| AAAAAAAAACMFAAAA | 45          | 17.647058823529 | 27          | 10.588235294118 | 13          | 5.098039215686  | 28.333333  |
| AAAAAAAAACNBAAAA | 212         | 22.649572649573 | 98          | 10.470085470085 | 2           | 0.213675213675  | 104.000000 |
| AAAAAAAAACNHAAAA | 70          | 24.054982817869 | 24          | 8.247422680412  | 3           | 1.030927835052  | 32.333333  |
| AAAAAAAAADAIAAAA | 67          | 17.585301837270 | 31          | 8.136482939633  | 29          | 7.611548556430  | 42.333333  |
| AAAAAAAAADBDAAAA | 44          | 27.672955974843 | 1           | 0.628930817610  | 8           | 5.031446540881  | 17.666667  |
| AAAAAAAAADBHAAAA | 34          | 20.606060606061 | 16          | 9.696969696970  | 5           | 3.030303030303  | 18.333333  |
| AAAAAAAAADDHAAAA | 86          | 13.458528951487 | 112         | 17.527386541471 | 15          | 2.347417840376  | 71.000000  |
| AAAAAAAAADDIAAAA | 39          | 7.103825136612  | 140         | 25.500910746812 | 4           | 0.728597449909  | 61.000000  |
| AAAAAAAAADEEAAAA | 5           | 2.192982456140  | 26          | 11.403508771930 | 45          | 19.736842105263 | 25.333333  |
| AAAAAAAAADFFAAAA | 70          | 10.014306151645 | 82          | 11.731044349070 | 81          | 11.587982832618 | 77.666667  |
| AAAAAAAAADGCAAAA | 19          | 9.452736318408  | 17          | 8.457711442786  | 31          | 15.422885572139 | 22.333333  |
| AAAAAAAAADHAAAAA | 114         | 14.448669201521 | 76          | 9.632446134347  | 73          | 9.252217997465  | 87.666667  |
| AAAAAAAAADHDAAAA | 92          | 28.660436137072 | 3           | 0.934579439252  | 12          | 3.738317757009  | 35.666667  |
| AAAAAAAAADHEAAAA | 36          | 5.970149253731  | 135         | 22.388059701493 | 30          | 4.975124378109  | 67.000000  |
| AAAAAAAAADIAAAAA | 121         | 22.407407407407 | 41          | 7.592592592593  | 18          | 3.333333333333  | 60.000000  |
| AAAAAAAAADIFAAAA | 43          | 18.143459915612 | 2           | 0.843881856540  | 34          | 14.345991561181 | 26.333333  |
| AAAAAAAAADJBAAAA | 32          | 6.584362139918  | 120         | 24.691358024691 | 10          | 2.057613168724  | 54.000000  |
| AAAAAAAAADJCAAAA | 85          | 26.234567901235 | 12          | 3.703703703704  | 11          | 3.395061728395  | 36.000000  |
| AAAAAAAAADKAAAAA | 249         | 29.225352112676 | 21          | 2.464788732394  | 14          | 1.643192488263  | 94.666667  |
| AAAAAAAAADKDAAAA | 7           | 1.960784313725  | 47          | 13.165266106443 | 65          | 18.207282913165 | 39.666667  |
| AAAAAAAAADLFAAAA | 101         | 15.303030303030 | 21          | 3.181818181818  | 98          | 14.848484848485 | 73.333333  |
| AAAAAAAAADMBAAAA | 125         | 18.768768768769 | 93          | 13.963963963964 | 4           | 0.600600600601  | 74.000000  |
| AAAAAAAAADMCAAAA | 194         | 16.412859560068 | 116         | 9.813874788494  | 84          | 7.106598984772  | 131.333333 |
| AAAAAAAAADNAAAAA | 124         | 25.833333333333 | 31          | 6.458333333333  | 5           | 1.041666666667  | 53.333333  |
| AAAAAAAAADNDAAAA | 26          | 8.580858085809  | 39          | 12.871287128713 | 36          | 11.881188118812 | 33.666667  |
| AAAAAAAAADODAAAA | 124         | 25.514403292181 | 22          | 4.526748971193  | 16          | 3.292181069959  | 54.000000  |
| AAAAAAAAADOGAAAA | 168         | 23.829787234043 | 19          | 2.695035460993  | 48          | 6.808510638298  | 78.333333  |
| AAAAAAAAADPCAAAA | 265         | 27.013251783894 | 22          | 2.242609582059  | 40          | 4.077471967380  | 109.000000 |
| AAAAAAAAADPHAAAA | 72          | 12.903225806452 | 55          | 9.856630824373  | 59          | 10.573476702509 | 62.000000  |
| AAAAAAAAAEAAAAAA | 43          | 10.165484633570 | 59          | 13.947990543735 | 39          | 9.219858156028  | 47.000000  |
| AAAAAAAAAEABAAAA | 129         | 23.756906077348 | 41          | 7.550644567219  | 11          | 2.025782688766  | 60.333333  |
| AAAAAAAAAEBCAAAA | 180         | 18.633540372671 | 48          | 4.968944099379  | 94          | 9.730848861284  | 107.333333 |
| AAAAAAAAAEBGAAAA | 163         | 19.064327485380 | 113         | 13.216374269006 | 9           | 1.052631578947  | 95.000000  |
| AAAAAAAAAECEAAAA | 56          | 10.428305400372 | 115         | 21.415270018622 | 8           | 1.489757914339  | 59.666667  |
| AAAAAAAAAECIAAAA | 72          | 13.953488372093 | 64          | 12.403100775194 | 36          | 6.976744186047  | 57.333333  |
| AAAAAAAAAEDDAAAA | 172         | 23.888888888889 | 9           | 1.250000000000  | 59          | 8.194444444444  | 80.000000  |
| AAAAAAAAAEECAAAA | 133         | 22.278056951424 | 15          | 2.512562814070  | 51          | 8.542713567839  | 66.333333  |
| AAAAAAAAAEFHAAAA | 76          | 21.288515406162 | 40          | 11.204481792717 | 3           | 0.840336134454  | 39.666667  |
| AAAAAAAAAEGBAAAA | 5           | 1.089324618736  | 127         | 27.668845315904 | 21          | 4.575163398693  | 51.000000  |
| AAAAAAAAAEHGAAAA | 185         | 28.549382716049 | 13          | 2.006172839506  | 18          | 2.777777777778  | 72.000000  |
| AAAAAAAAAEICAAAA | 52          | 15.615615615616 | 55          | 16.516516516517 | 4           | 1.201201201201  | 37.000000  |
| AAAAAAAAAEJAAAAA | 60          | 16.000000000000 | 64          | 17.066666666667 | 1           | 0.266666666667  | 41.666667  |
| AAAAAAAAAEKAAAAA | 129         | 20.379146919431 | 2           | 0.315955766193  | 80          | 12.638230647709 | 70.333333  |
+------------------+-------------+-----------------+-------------+-----------------+-------------+-----------------+------------+
