+------------------+-------------+------------+-------------+------------+-------------+------------+--------------+
| item_id          | ss_item_rev | ss_dev     | cs_item_rev | cs_dev     | ws_item_rev | ws_dev     | average      |
+------------------+-------------+------------+-------------+------------+-------------+------------+--------------+
| AAAAAAAAAECIAAAA | 15368.84    | 98.314300  | 15701.19    | 100.440300 | 15827.04    | 101.245400 | 15632.356667 |
| AAAAAAAAAFKCAAAA | 17303.12    | 99.375300  | 17510.82    | 100.568200 | 17421.74    | 100.056600 | 17411.893333 |
| AAAAAAAAANCNAAAA | 10339.47    | 103.350800 | 10175.11    | 101.707900 | 9498.17     | 94.941300  | 10004.250000 |
| AAAAAAAABCPHAAAA | 16716.08    | 102.099000 | 16116.87    | 98.439100  | 16284.34    | 99.462000  | 16372.430000 |
| AAAAAAAACBFAAAAA | 11327.89    | 104.102200 | 10684.81    | 98.192400  | 10631.82    | 97.705400  | 10881.506667 |
| AAAAAAAACCHLAAAA | 13686.24    | 95.280200  | 14813.07    | 103.124900 | 14593.28    | 101.594800 | 14364.196667 |
| AAAAAAAACEPKAAAA | 22561.92    | 104.641400 | 20850.97    | 96.706100  | 21270.62    | 98.652400  | 21561.170000 |
| AAAAAAAACGIEAAAA | 6898.18     | 98.179300  | 7418.68     | 105.587400 | 6761.45     | 96.233300  | 7026.103333  |
| AAAAAAAACIMEAAAA | 10191.43    | 100.804400 | 10357.29    | 102.444900 | 9781.60     | 96.750700  | 10110.106667 |
| AAAAAAAACLKFAAAA | 19008.63    | 101.866900 | 18760.64    | 100.537900 | 18211.51    | 97.595200  | 18660.260000 |
| AAAAAAAACMBIAAAA | 13508.74    | 96.938900  | 14085.99    | 101.081200 | 14211.23    | 101.979900 | 13935.320000 |
| AAAAAAAACMMMAAAA | 9633.92     | 100.655400 | 9822.95     | 102.630400 | 9256.70     | 96.714200  | 9571.190000  |
| AAAAAAAACPALAAAA | 11114.48    | 96.178700  | 11911.43    | 103.075100 | 11642.30    | 100.746200 | 11556.070000 |
| AAAAAAAADAANAAAA | 10190.23    | 101.046300 | 10319.43    | 102.327500 | 9744.48     | 96.626200  | 10084.713333 |
| AAAAAAAAEBLHAAAA | 7145.04     | 98.674500  | 7159.43     | 98.873300  | 7418.58     | 102.452200 | 7241.016667  |
| AAAAAAAAEDAMAAAA | 10727.28    | 103.031100 | 10275.82    | 98.695000  | 10231.98    | 98.273900  | 10411.693333 |
| AAAAAAAAEILAAAAA | 10393.41    | 100.410700 | 10483.09    | 101.277100 | 10176.20    | 98.312200  | 10350.900000 |
| AAAAAAAAELPCAAAA | 15253.30    | 94.816600  | 16755.41    | 104.153900 | 16252.80    | 101.029600 | 16087.170000 |
| AAAAAAAAFBKJAAAA | 18042.04    | 97.603100  | 19323.75    | 104.536800 | 18089.54    | 97.860100  | 18485.110000 |
| AAAAAAAAFFEIAAAA | 11012.33    | 94.899600  | 11773.69    | 101.460700 | 12026.54    | 103.639700 | 11604.186667 |
| AAAAAAAAFGJOAAAA | 11870.95    | 101.536700 | 11577.25    | 99.024500  | 11625.68    | 99.438800  | 11691.293333 |
| AAAAAAAAFJALAAAA | 28234.00    | 101.313100 | 28707.53    | 103.012300 | 26662.69    | 95.674700  | 27868.073333 |
| AAAAAAAAFJKEAAAA | 7263.64     | 97.188000  | 7933.34     | 106.148600 | 7224.44     | 96.663500  | 7473.806667  |
| AAAAAAAAFMJIAAAA | 12775.12    | 96.545300  | 13840.35    | 104.595600 | 13081.28    | 98.859100  | 13232.250000 |
| AAAAAAAAGEEGAAAA | 5588.06     | 99.912100  | 5645.91     | 100.946400 | 5544.96     | 99.141500  | 5592.976667  |
| AAAAAAAAGFCNAAAA | 6299.12     | 104.069100 | 6076.72     | 100.394700 | 5782.64     | 95.536200  | 6052.826667  |
| AAAAAAAAGIOGAAAA | 12769.18    | 103.899400 | 11700.65    | 95.205100  | 12400.00    | 100.895500 | 12289.943333 |
| AAAAAAAAGPNMAAAA | 11809.84    | 99.494200  | 12461.37    | 104.983100 | 11338.44    | 95.522800  | 11869.883333 |
| AAAAAAAAHDOEAAAA | 24782.82    | 103.736200 | 24244.24    | 101.481800 | 22643.66    | 94.782100  | 23890.240000 |
| AAAAAAAAHGFNAAAA | 6935.69     | 103.976600 | 6512.90     | 97.638300  | 6562.71     | 98.385100  | 6670.433333  |
| AAAAAAAAHJGAAAAA | 7628.62     | 101.585300 | 7439.41     | 99.065700  | 7460.68     | 99.349000  | 7509.570000  |
| AAAAAAAAHLCOAAAA | 8921.34     | 94.821700  | 9564.20     | 101.654400 | 9740.10     | 103.524000 | 9408.546667  |
| AAAAAAAAHMDAAAAA | 11935.16    | 102.024800 | 11283.30    | 96.452500  | 11876.42    | 101.522700 | 11698.293333 |
| AAAAAAAAHMDGAAAA | 32912.28    | 103.189500 | 31399.43    | 98.446300  | 31373.27    | 98.364200  | 31894.993333 |
| AAAAAAAAHPEIAAAA | 11295.49    | 95.866900  | 12038.46    | 102.172600 | 12013.46    | 101.960500 | 11782.470000 |
| AAAAAAAAIAENAAAA | 12053.95    | 100.215700 | 11594.14    | 96.392900  | 12435.92    | 103.391400 | 12028.003333 |
| AAAAAAAAICEMAAAA | 15395.93    | 101.727900 | 15586.53    | 102.987300 | 14420.82    | 95.284900  | 15134.426667 |
| AAAAAAAAIDJCAAAA | 10400.16    | 103.512500 | 10017.76    | 99.706500  | 9723.84     | 96.781100  | 10047.253333 |
| AAAAAAAAIFNAAAAA | 15732.19    | 102.458600 | 15184.86    | 98.894000  | 15147.00    | 98.647400  | 15354.683333 |
| AAAAAAAAIKDLAAAA | 18396.10    | 101.593000 | 18059.03    | 99.731500  | 17867.83    | 98.675600  | 18107.653333 |
| AAAAAAAAIOIKAAAA | 10418.14    | 97.185900  | 11234.58    | 104.802100 | 10506.70    | 98.012000  | 10719.806667 |
| AAAAAAAAJCEBAAAA | 12736.24    | 96.722400  | 13845.27    | 105.144600 | 12921.99    | 98.133000  | 13167.833333 |
| AAAAAAAAJLAFAAAA | 17311.77    | 101.724100 | 16362.42    | 96.145700  | 17380.86    | 102.130100 | 17018.350000 |
| AAAAAAAAJLHEAAAA | 15820.43    | 100.884600 | 15389.53    | 98.136800  | 15835.19    | 100.978700 | 15681.716667 |
| AAAAAAAAKCNAAAAA | 20921.05    | 103.729600 | 19169.47    | 95.045000  | 20415.96    | 101.225300 | 20168.826667 |
| AAAAAAAAKHBNAAAA | 7293.20     | 101.418500 | 7292.68     | 101.411300 | 6987.70     | 97.170200  | 7191.193333  |
| AAAAAAAAKJGBAAAA | 17304.57    | 101.059000 | 16536.22    | 96.571800  | 17528.93    | 102.369200 | 17123.240000 |
| AAAAAAAAKKAOAAAA | 8547.04     | 95.451400  | 9390.55     | 104.871500 | 8925.43     | 99.677100  | 8954.340000  |
| AAAAAAAAKOJHAAAA | 12247.53    | 99.548400  | 12532.73    | 101.866600 | 12129.00    | 98.585000  | 12303.086667 |
| AAAAAAAAKOOFAAAA | 10839.11    | 99.926800  | 10969.30    | 101.127100 | 10732.73    | 98.946100  | 10847.046667 |
| AAAAAAAALFKIAAAA | 12100.98    | 105.488900 | 11132.63    | 97.047400  | 11180.37    | 97.463600  | 11471.326667 |
| AAAAAAAALJEHAAAA | 7500.20     | 103.451100 | 7106.18     | 98.016400  | 7143.60     | 98.532500  | 7249.993333  |
| AAAAAAAALJGLAAAA | 18094.77    | 97.643500  | 19544.87    | 105.468600 | 17954.76    | 96.888000  | 18531.466667 |
| AAAAAAAALKNAAAAA | 15617.28    | 96.361400  | 15957.20    | 98.458800  | 17046.49    | 105.179900 | 16206.990000 |
| AAAAAAAAMBOOAAAA | 16846.58    | 101.992600 | 16176.14    | 97.933600  | 16529.64    | 100.073800 | 16517.453333 |
| AAAAAAAAMCADAAAA | 10431.78    | 103.457100 | 9878.94     | 97.974300  | 9938.87     | 98.568600  | 10083.196667 |
| AAAAAAAAMKDAAAAA | 10816.71    | 99.143700  | 11200.78    | 102.664000 | 10712.91    | 98.192300  | 10910.133333 |
| AAAAAAAAMKJBAAAA | 16713.62    | 100.206300 | 16417.81    | 98.432800  | 16906.21    | 101.361000 | 16679.213333 |
| AAAAAAAAMKKCAAAA | 16478.15    | 99.690500  | 17025.36    | 103.001000 | 16084.43    | 97.308500  | 16529.313333 |
| AAAAAAAAMKNOAAAA | 19999.86    | 98.310100  | 20824.64    | 102.364300 | 20206.44    | 99.325600  | 20343.646667 |
| AAAAAAAAMNABAAAA | 18792.31    | 103.319100 | 17970.92    | 98.803100  | 17802.61    | 97.877800  | 18188.613333 |
| AAAAAAAAMNEOAAAA | 19620.44    | 99.504400  | 18929.11    | 95.998400  | 20604.91    | 104.497200 | 19718.153333 |
| AAAAAAAAMOOGAAAA | 7418.62     | 98.810000  | 7765.32     | 103.427800 | 7339.95     | 97.762200  | 7507.963333  |
| AAAAAAAANAJDAAAA | 14681.38    | 98.316900  | 14756.00    | 98.816600  | 15360.74    | 102.866400 | 14932.706667 |
| AAAAAAAANBBBAAAA | 11556.16    | 100.899600 | 11338.27    | 98.997200  | 11464.95    | 100.103200 | 11453.126667 |
| AAAAAAAANDNOAAAA | 9945.82     | 97.672400  | 10645.99    | 104.548400 | 9956.69     | 97.779200  | 10182.833333 |
| AAAAAAAANEPCAAAA | 13773.10    | 103.430100 | 12602.79    | 94.641500  | 13573.13    | 101.928400 | 13316.340000 |
| AAAAAAAAOFAEAAAA | 7359.93     | 100.460600 | 7548.28     | 103.031500 | 7070.34     | 96.507800  | 7326.183333  |
| AAAAAAAAOFDJAAAA | 15577.52    | 97.931800  | 16336.21    | 102.701500 | 15805.77    | 99.366700  | 15906.500000 |
| AAAAAAAAOKDNAAAA | 10066.34    | 100.744200 | 9560.61     | 95.682800  | 10349.00    | 103.573000 | 9991.983333  |
| AAAAAAAAOLICAAAA | 11148.03    | 97.433300  | 11676.71    | 102.054000 | 11500.36    | 100.512700 | 11441.700000 |
| AAAAAAAAOOFNAAAA | 18931.31    | 101.676900 | 19227.80    | 103.269300 | 17698.16    | 95.053800  | 18619.090000 |
| AAAAAAAAPJHMAAAA | 10140.90    | 97.929200  | 10464.37    | 101.053000 | 10460.73    | 101.017800 | 10355.333333 |
| AAAAAAAAPKDAAAAA | 8433.72     | 100.754100 | 8292.86     | 99.071300  | 8385.22     | 100.174700 | 8370.600000  |
| AAAAAAAAPPANAAAA | 6916.43     | 97.867000  | 6920.59     | 97.925900  | 7364.50     | 104.207200 | 7067.173333  |
+------------------+-------------+------------+-------------+------------+-------------+------------+--------------+
