+------------------+-------------+-----------------+-------------+-----------------+-------------+-----------------+------------+
| item_id          | sr_item_qty | sr_dev          | cr_item_qty | cr_dev          | wr_item_qty | wr_dev          | average    |
+------------------+-------------+-----------------+-------------+-----------------+-------------+-----------------+------------+
| AAAAAAAAAAACAAAA | 103         | 16.427432216906 | 79          | 12.599681020734 | 27          | 4.306220095694  | 69.666667  |
| AAAAAAAAAAAKAAAA | 147         | 24.500000000000 | 52          | 8.666666666667  | 1           | 0.166666666667  | 66.666667  |
| AAAAAAAAAABEAAAA | 117         | 27.659574468085 | 21          | 4.964539007092  | 3           | 0.709219858156  | 47.000000  |
| AAAAAAAAAABGAAAA | 97          | 12.109862671660 | 121         | 15.106117353308 | 49          | 6.117353308365  | 89.000000  |
| AAAAAAAAAABHAAAA | 18          | 13.636363636364 | 24          | 18.181818181818 | 2           | 1.515151515152  | 14.666667  |
| AAAAAAAAAABJAAAA | 274         | 29.847494553377 | 6           | 0.653594771242  | 26          | 2.832244008715  | 102.000000 |
| AAAAAAAAAABNAAAA | 176         | 21.489621489621 | 15          | 1.831501831502  | 82          | 10.012210012210 | 91.000000  |
| AAAAAAAAAACAAAAA | 44          | 17.460317460317 | 34          | 13.492063492063 | 6           | 2.380952380952  | 28.000000  |
| AAAAAAAAAACDAAAA | 40          | 9.661835748792  | 82          | 19.806763285024 | 16          | 3.864734299517  | 46.000000  |
| AAAAAAAAAACFAAAA | 58          | 19.931271477663 | 38          | 13.058419243986 | 1           | 0.343642611684  | 32.333333  |
| AAAAAAAAAACGAAAA | 64          | 18.713450292398 | 12          | 3.508771929825  | 38          | 11.111111111111 | 38.000000  |
| AAAAAAAAAADIAAAA | 78          | 13.541666666667 | 37          | 6.423611111111  | 77          | 13.368055555556 | 64.000000  |
| AAAAAAAAAADKAAAA | 20          | 6.734006734007  | 73          | 24.579124579125 | 6           | 2.020202020202  | 33.000000  |
| AAAAAAAAAAEMAAAA | 3           | 2.631578947368  | 14          | 12.280701754386 | 21          | 18.421052631579 | 12.666667  |
| AAAAAAAAAAENAAAA | 105         | 30.172413793103 | 5           | 1.436781609195  | 6           | 1.724137931034  | 38.666667  |
| AAAAAAAAAAGEAAAA | 58          | 9.034267912773  | 107         | 16.666666666667 | 49          | 7.632398753894  | 71.333333  |
| AAAAAAAAAAGOAAAA | 55          | 15.406162464986 | 56          | 15.686274509804 | 8           | 2.240896358543  | 39.666667  |
| AAAAAAAAAAHDAAAA | 131         | 28.172043010753 | 11          | 2.365591397849  | 13          | 2.795698924731  | 51.666667  |
| AAAAAAAAAAHHAAAA | 14          | 22.222222222222 | 6           | 9.523809523810  | 1           | 1.587301587302  | 7.000000   |
| AAAAAAAAAAHMAAAA | 134         | 23.758865248227 | 51          | 9.042553191489  | 3           | 0.531914893617  | 62.666667  |
| AAAAAAAAAAICAAAA | 54          | 13.533834586466 | 76          | 19.047619047619 | 3           | 0.751879699248  | 44.333333  |
| AAAAAAAAAAIDAAAA | 108         | 18.652849740933 | 69          | 11.917098445596 | 16          | 2.763385146805  | 64.333333  |
| AAAAAAAAAAIFAAAA | 92          | 17.228464419476 | 53          | 9.925093632959  | 33          | 6.179775280899  | 59.333333  |
| AAAAAAAAAAIGAAAA | 88          | 27.160493827160 | 5           | 1.543209876543  | 15          | 4.629629629630  | 36.000000  |
| AAAAAAAAAAIIAAAA | 157         | 22.852983988355 | 65          | 9.461426491994  | 7           | 1.018922852984  | 76.333333  |
| AAAAAAAAAAIMAAAA | 80          | 28.985507246377 | 1           | 0.362318840580  | 11          | 3.985507246377  | 30.666667  |
| AAAAAAAAAAIOAAAA | 103         | 15.677321156773 | 41          | 6.240487062405  | 75          | 11.415525114155 | 73.000000  |
| AAAAAAAAAAJBAAAA | 61          | 9.077380952381  | 79          | 11.755952380952 | 84          | 12.500000000000 | 74.666667  |
| AAAAAAAAAAJCAAAA | 34          | 13.178294573643 | 2           | 0.775193798450  | 50          | 19.379844961240 | 28.666667  |
| AAAAAAAAAAJEAAAA | 118         | NULL            | NULL        | NULL            | 50          | NULL            | NULL       |
| AAAAAAAAAAJIAAAA | 42          | 18.666666666667 | 24          | 10.666666666667 | 9           | 4.000000000000  | 25.000000  |
| AAAAAAAAAAKAAAAA | 64          | 12.475633528265 | 48          | 9.356725146199  | 59          | 11.500974658869 | 57.000000  |
| AAAAAAAAAALAAAAA | 101         | 11.730545876887 | 127         | 14.750290360046 | 59          | 6.852497096400  | 95.666667  |
| AAAAAAAAAALCAAAA | 28          | 11.522633744856 | 22          | 9.053497942387  | 31          | 12.757201646091 | 27.000000  |
| AAAAAAAAAALDAAAA | 81          | 20.930232558140 | 12          | 3.100775193798  | 36          | 9.302325581395  | 43.000000  |
| AAAAAAAAAALJAAAA | 107         | 24.263038548753 | 32          | 7.256235827664  | 8           | 1.814058956916  | 49.000000  |
| AAAAAAAAAALMAAAA | 7           | 2.430555555556  | 8           | 2.777777777778  | 81          | 28.125000000000 | 32.000000  |
| AAAAAAAAAAMCAAAA | 147         | 14.540059347181 | 109         | 10.781404549951 | 81          | 8.011869436202  | 112.333333 |
| AAAAAAAAAAMHAAAA | 115         | 22.157996146435 | 46          | 8.863198458574  | 12          | 2.312138728324  | 57.666667  |
| AAAAAAAAAAMIAAAA | 101         | 16.833333333333 | 98          | 16.333333333333 | 1           | 0.166666666667  | 66.666667  |
| AAAAAAAAAAMKAAAA | 62          | 9.436834094368  | 141         | 21.461187214612 | 16          | 2.435312024353  | 73.000000  |
| AAAAAAAAAANDAAAA | 18          | 6.741573033708  | 39          | 14.606741573034 | 32          | 11.985018726592 | 29.666667  |
| AAAAAAAAAAOCAAAA | 45          | 23.437500000000 | 1           | 0.520833333333  | 18          | 9.375000000000  | 21.333333  |
| AAAAAAAAAAOGAAAA | 69          | 10.407239819005 | 70          | 10.558069381599 | 82          | 12.368024132730 | 73.666667  |
| AAAAAAAAAAOIAAAA | 60          | 17.699115044248 | 34          | 10.029498525074 | 19          | 5.604719764012  | 37.666667  |
| AAAAAAAAAAOLAAAA | 136         | 20.148148148148 | 22          | 3.259259259259  | 67          | 9.925925925926  | 75.000000  |
| AAAAAAAAAAOMAAAA | 103         | 15.124816446402 | 56          | 8.223201174743  | 68          | 9.985315712188  | 75.666667  |
| AAAAAAAAAAPFAAAA | 53          | 24.882629107981 | 13          | 6.103286384977  | 5           | 2.347417840376  | 23.666667  |
| AAAAAAAAAAPNAAAA | 77          | 27.598566308244 | 7           | 2.508960573477  | 9           | 3.225806451613  | 31.000000  |
| AAAAAAAAABABAAAA | 135         | 26.946107784431 | 26          | 5.189620758483  | 6           | 1.197604790419  | 55.666667  |
| AAAAAAAAABADAAAA | 74          | 14.015151515152 | 83          | 15.719696969697 | 19          | 3.598484848485  | 58.666667  |
| AAAAAAAAABAHAAAA | 52          | 11.954022988506 | 66          | 15.172413793103 | 27          | 6.206896551724  | 48.333333  |
| AAAAAAAAABAMAAAA | 81          | 13.705583756345 | 17          | 2.876480541455  | 99          | 16.751269035533 | 65.666667  |
| AAAAAAAAABBCAAAA | 107         | 16.984126984127 | 67          | 10.634920634921 | 36          | 5.714285714286  | 70.000000  |
| AAAAAAAAABBDAAAA | 58          | 19.333333333333 | 25          | 8.333333333333  | 17          | 5.666666666667  | 33.333333  |
| AAAAAAAAABBGAAAA | 43          | 12.044817927171 | 32          | 8.963585434174  | 44          | 12.324929971989 | 39.666667  |
| AAAAAAAAABBJAAAA | 5           | 4.629629629630  | 26          | 24.074074074074 | 5           | 4.629629629630  | 12.000000  |
| AAAAAAAAABBPAAAA | 84          | 21.538461538462 | 5           | 1.282051282051  | 41          | 10.512820512821 | 43.333333  |
| AAAAAAAAABCCAAAA | 16          | NULL            | 5           | NULL            | NULL        | NULL            | NULL       |
| AAAAAAAAABCIAAAA | 118         | 18.910256410256 | 66          | 10.576923076923 | 24          | 3.846153846154  | 69.333333  |
| AAAAAAAAABCNAAAA | 302         | 25.549915397631 | 76          | 6.429780033841  | 16          | 1.353637901861  | 131.333333 |
| AAAAAAAAABDAAAAA | 18          | 8.450704225352  | 37          | 17.370892018779 | 16          | 7.511737089202  | 23.666667  |
| AAAAAAAAABDEAAAA | 40          | 6.349206349206  | 141         | 22.380952380952 | 29          | 4.603174603175  | 70.000000  |
| AAAAAAAAABDGAAAA | 7           | 4.093567251462  | 2           | 1.169590643275  | 48          | 28.070175438596 | 19.000000  |
| AAAAAAAAABECAAAA | 47          | 22.705314009662 | 3           | 1.449275362319  | 19          | 9.178743961353  | 23.000000  |
| AAAAAAAAABEIAAAA | 38          | NULL            | 21          | NULL            | NULL        | NULL            | NULL       |
| AAAAAAAAABEJAAAA | 67          | 17.179487179487 | 1           | 0.256410256410  | 62          | 15.897435897436 | 43.333333  |
| AAAAAAAAABFOAAAA | 106         | 19.413919413919 | 5           | 0.915750915751  | 71          | 13.003663003663 | 60.666667  |
| AAAAAAAAABGEAAAA | 97          | 29.129129129129 | 12          | 3.603603603604  | 2           | 0.600600600601  | 37.000000  |
| AAAAAAAAABGJAAAA | 112         | 21.455938697318 | 28          | 5.363984674330  | 34          | 6.513409961686  | 58.000000  |
| AAAAAAAAABHAAAAA | 55          | 15.942028985507 | 55          | 15.942028985507 | 5           | 1.449275362319  | 38.333333  |
| AAAAAAAAABHCAAAA | 132         | 20.091324200913 | 78          | 11.872146118721 | 9           | 1.369863013699  | 73.000000  |
| AAAAAAAAABHFAAAA | 25          | 6.613756613757  | 36          | 9.523809523810  | 65          | 17.195767195767 | 42.000000  |
| AAAAAAAAABHGAAAA | 80          | 14.814814814815 | 43          | 7.962962962963  | 57          | 10.555555555556 | 60.000000  |
| AAAAAAAAABHMAAAA | 56          | 18.666666666667 | 41          | 13.666666666667 | 3           | 1.000000000000  | 33.333333  |
| AAAAAAAAABIFAAAA | 29          | 25.438596491228 | 1           | 0.877192982456  | 8           | 7.017543859649  | 12.666667  |
| AAAAAAAAABIHAAAA | 63          | 11.475409836066 | 37          | 6.739526411658  | 83          | 15.118397085610 | 61.000000  |
| AAAAAAAAABIKAAAA | 72          | 16.551724137931 | 66          | 15.172413793103 | 7           | 1.609195402299  | 48.333333  |
| AAAAAAAAABJGAAAA | 3           | 1.086956521739  | 19          | 6.884057971014  | 70          | 25.362318840580 | 30.666667  |
| AAAAAAAAABJHAAAA | 18          | 8.450704225352  | 43          | 20.187793427230 | 10          | 4.694835680751  | 23.666667  |
| AAAAAAAAABJJAAAA | 123         | 21.243523316062 | 39          | 6.735751295337  | 31          | 5.354058721934  | 64.333333  |
| AAAAAAAAABJKAAAA | 123         | 28.082191780822 | 16          | 3.652968036530  | 7           | 1.598173515982  | 48.666667  |
| AAAAAAAAABJNAAAA | 252         | 25.377643504532 | 60          | 6.042296072508  | 19          | 1.913393756294  | 110.333333 |
| AAAAAAAAABKCAAAA | 65          | 23.049645390071 | 15          | 5.319148936170  | 14          | 4.964539007092  | 31.333333  |
| AAAAAAAAABKFAAAA | 61          | 14.420803782506 | 74          | 17.494089834515 | 6           | 1.418439716312  | 47.000000  |
| AAAAAAAAABKGAAAA | 83          | 17.184265010352 | 44          | 9.109730848861  | 34          | 7.039337474120  | 53.666667  |
| AAAAAAAAABKOAAAA | 107         | 10.190476190476 | 163         | 15.523809523810 | 80          | 7.619047619048  | 116.666667 |
| AAAAAAAAABLFAAAA | 153         | 19.540229885057 | 91          | 11.621966794381 | 17          | 2.171136653895  | 87.000000  |
| AAAAAAAAABLKAAAA | 94          | 14.307458143075 | 49          | 7.458143074581  | 76          | 11.567732115677 | 73.000000  |
| AAAAAAAAABMJAAAA | 29          | 12.083333333333 | 15          | 6.250000000000  | 36          | 15.000000000000 | 26.666667  |
| AAAAAAAAABMMAAAA | 99          | 23.913043478261 | 19          | 4.589371980676  | 20          | 4.830917874396  | 46.000000  |
| AAAAAAAAABMNAAAA | 75          | 18.518518518519 | 41          | 10.123456790123 | 19          | 4.691358024691  | 45.000000  |
| AAAAAAAAABNCAAAA | 85          | 12.005649717514 | 76          | 10.734463276836 | 75          | 10.593220338983 | 78.666667  |
| AAAAAAAAABNFAAAA | 56          | 14.358974358974 | 73          | 18.717948717949 | 1           | 0.256410256410  | 43.333333  |
| AAAAAAAAABNLAAAA | 91          | 11.234567901235 | 37          | 4.567901234568  | 142         | 17.530864197531 | 90.000000  |
| AAAAAAAAABOEAAAA | 69          | 23.469387755102 | 7           | 2.380952380952  | 22          | 7.482993197279  | 32.666667  |
| AAAAAAAAABOIAAAA | 60          | 16.393442622951 | 6           | 1.639344262295  | 56          | 15.300546448087 | 40.666667  |
| AAAAAAAAABOKAAAA | 72          | 11.822660098522 | 87          | 14.285714285714 | 44          | 7.224958949097  | 67.666667  |
| AAAAAAAAABOOAAAA | 36          | 11.320754716981 | 68          | 21.383647798742 | 2           | 0.628930817610  | 35.333333  |
| AAAAAAAAABPDAAAA | 8           | 4.597701149425  | 46          | 26.436781609195 | 4           | 2.298850574713  | 19.333333  |
+------------------+-------------+-----------------+-------------+-----------------+-------------+-----------------+------------+
