+---------+------------+------------+---------------+--------------+-------------------+
| channel | i_brand_id | i_class_id | i_category_id | sum(sales)   | sum(number_sales) |
+---------+------------+------------+---------------+--------------+-------------------+
| catalog | 1001001    | 1          | 1             | 106615104.86 | 20984             |
| catalog | 1001001    | 1          | 2             | 2391234.98   | 479               |
| catalog | 1001001    | 1          | 3             | 3648092.90   | 705               |
| catalog | 1001001    | 1          | 4             | 2723407.75   | 530               |
| catalog | 1001001    | 1          | 5             | 1888555.12   | 372               |
| catalog | 1001001    | 1          | 6             | 2485657.32   | 490               |
| catalog | 1001001    | 1          | 7             | 2965554.78   | 594               |
| catalog | 1001001    | 1          | 8             | 2771696.16   | 547               |
| catalog | 1001001    | 1          | 9             | 2273260.03   | 451               |
| catalog | 1001001    | 1          | 10            | 3151130.64   | 608               |
| catalog | 1001001    | 1          | NULL          | 130913694.54 | 25760             |
| catalog | 1001001    | 2          | 1             | 884901.59    | 163               |
| catalog | 1001001    | 2          | 2             | 1554424.95   | 318               |
| catalog | 1001001    | 2          | 3             | 902907.15    | 169               |
| catalog | 1001001    | 2          | 4             | 311423.69    | 82                |
| catalog | 1001001    | 2          | 5             | 378748.42    | 84                |
| catalog | 1001001    | 2          | 7             | 478098.81    | 87                |
| catalog | 1001001    | 2          | 8             | 372748.90    | 68                |
| catalog | 1001001    | 2          | NULL          | 4883253.51   | 971               |
| catalog | 1001001    | 3          | 1             | 416839.41    | 86                |
| catalog | 1001001    | 3          | 2             | 1813278.58   | 364               |
| catalog | 1001001    | 3          | 3             | 378566.04    | 72                |
| catalog | 1001001    | 3          | 4             | 1316631.41   | 236               |
| catalog | 1001001    | 3          | 6             | 367523.23    | 78                |
| catalog | 1001001    | 3          | 10            | 349780.70    | 80                |
| catalog | 1001001    | 3          | NULL          | 4642619.37   | 916               |
| catalog | 1001001    | 4          | 1             | 1193662.03   | 238               |
| catalog | 1001001    | 4          | 2             | 1143867.47   | 235               |
| catalog | 1001001    | 4          | 3             | 334366.75    | 77                |
| catalog | 1001001    | 4          | 4             | 1021614.20   | 218               |
| catalog | 1001001    | 4          | 5             | 291709.22    | 64                |
| catalog | 1001001    | 4          | 6             | 323616.32    | 65                |
| catalog | 1001001    | 4          | NULL          | 4308835.99   | 897               |
| catalog | 1001001    | 5          | 9             | 416665.57    | 79                |
| catalog | 1001001    | 5          | 10            | 433088.03    | 86                |
| catalog | 1001001    | 5          | NULL          | 849753.60    | 165               |
| catalog | 1001001    | 6          | 9             | 320436.27    | 70                |
| catalog | 1001001    | 6          | NULL          | 320436.27    | 70                |
| catalog | 1001001    | 8          | 9             | 432972.32    | 83                |
| catalog | 1001001    | 8          | NULL          | 432972.32    | 83                |
| catalog | 1001001    | 9          | 6             | 385751.64    | 74                |
| catalog | 1001001    | 9          | 7             | 357606.04    | 63                |
| catalog | 1001001    | 9          | 8             | 489627.65    | 95                |
| catalog | 1001001    | 9          | NULL          | 1232985.33   | 232               |
| catalog | 1001001    | 10         | 9             | 417144.72    | 94                |
| catalog | 1001001    | 10         | NULL          | 417144.72    | 94                |
| catalog | 1001001    | 11         | 7             | 364996.43    | 66                |
| catalog | 1001001    | 11         | 9             | 855387.85    | 140               |
| catalog | 1001001    | 11         | NULL          | 1220384.28   | 206               |
| catalog | 1001001    | 12         | 8             | 717069.07    | 142               |
| catalog | 1001001    | 12         | NULL          | 717069.07    | 142               |
| catalog | 1001001    | 14         | 6             | 701839.97    | 163               |
| catalog | 1001001    | 14         | 8             | 462475.60    | 92                |
| catalog | 1001001    | 14         | NULL          | 1164315.57   | 255               |
| catalog | 1001001    | 15         | 9             | 281830.08    | 67                |
| catalog | 1001001    | 15         | 10            | 384427.62    | 73                |
| catalog | 1001001    | 15         | NULL          | 666257.70    | 140               |
| catalog | 1001001    | 16         | 7             | 293865.64    | 57                |
| catalog | 1001001    | 16         | 8             | 318749.91    | 70                |
| catalog | 1001001    | 16         | 10            | 294860.80    | 61                |
| catalog | 1001001    | 16         | NULL          | 907476.35    | 188               |
| catalog | 1001001    | NULL       | NULL          | 152677198.62 | 30119             |
| catalog | 1001002    | 1          | 1             | 140480828.46 | 27631             |
| catalog | 1001002    | 1          | NULL          | 140480828.46 | 27631             |
| catalog | 1001002    | 2          | 1             | 3769519.21   | 779               |
| catalog | 1001002    | 2          | NULL          | 3769519.21   | 779               |
| catalog | 1001002    | 3          | 1             | 4086350.47   | 786               |
| catalog | 1001002    | 3          | NULL          | 4086350.47   | 786               |
| catalog | 1001002    | 4          | 1             | 4326047.48   | 822               |
| catalog | 1001002    | 4          | NULL          | 4326047.48   | 822               |
| catalog | 1001002    | 5          | 1             | 737243.11    | 154               |
| catalog | 1001002    | 5          | NULL          | 737243.11    | 154               |
| catalog | 1001002    | 6          | 1             | 768381.55    | 149               |
| catalog | 1001002    | 6          | NULL          | 768381.55    | 149               |
| catalog | 1001002    | 7          | 1             | 1084535.89   | 220               |
| catalog | 1001002    | 7          | NULL          | 1084535.89   | 220               |
| catalog | 1001002    | 8          | 1             | 2209052.73   | 415               |
| catalog | 1001002    | 8          | NULL          | 2209052.73   | 415               |
| catalog | 1001002    | 9          | 1             | 727115.19    | 144               |
| catalog | 1001002    | 9          | NULL          | 727115.19    | 144               |
| catalog | 1001002    | 10         | 1             | 869855.76    | 164               |
| catalog | 1001002    | 10         | NULL          | 869855.76    | 164               |
| catalog | 1001002    | 11         | 1             | 398057.87    | 81                |
| catalog | 1001002    | 11         | NULL          | 398057.87    | 81                |
| catalog | 1001002    | 12         | 1             | 1976412.36   | 412               |
| catalog | 1001002    | 12         | NULL          | 1976412.36   | 412               |
| catalog | 1001002    | 13         | 1             | 868197.41    | 146               |
| catalog | 1001002    | 13         | NULL          | 868197.41    | 146               |
| catalog | 1001002    | 14         | 1             | 395834.09    | 84                |
| catalog | 1001002    | 14         | NULL          | 395834.09    | 84                |
| catalog | 1001002    | 16         | 1             | 794024.52    | 153               |
| catalog | 1001002    | 16         | NULL          | 794024.52    | 153               |
| catalog | 1001002    | NULL       | NULL          | 163491456.10 | 32140             |
| catalog | 1002001    | 1          | 1             | 848592.18    | 158               |
| catalog | 1002001    | 1          | 2             | 620843.27    | 124               |
| catalog | 1002001    | 1          | 3             | 475633.91    | 73                |
| catalog | 1002001    | 1          | 4             | 816373.56    | 155               |
| catalog | 1002001    | 1          | 5             | 396212.17    | 71                |
| catalog | 1002001    | 1          | 6             | 703414.89    | 140               |
| catalog | 1002001    | 1          | 7             | 820782.90    | 166               |
+---------+------------+------------+---------------+--------------+-------------------+
+------------+----------+----------+-------------+-------------+-----------------+------------+----------+----------+-------------+-------------+-----------------+
| ty_channel | ty_brand | ty_class | ty_category | ty_sales    | ty_number_sales | ly_channel | ly_brand | ly_class | ly_category | ly_sales    | ly_number_sales |
+------------+----------+----------+-------------+-------------+-----------------+------------+----------+----------+-------------+-------------+-----------------+
| store      | 1001001  | 1        | 1           | 68218441.69 | 18521           | store      | 1001001  | 1        | 1           | 67803117.21 | 18364           |
| store      | 1001002  | 1        | 1           | 37696597.95 | 10246           | store      | 1001002  | 1        | 1           | 37593006.85 | 10296           |
| store      | 1002001  | 2        | 1           | 66533059.50 | 17969           | store      | 1002001  | 2        | 1           | 66316613.57 | 18052           |
| store      | 1002002  | 2        | 1           | 31975789.37 | 8811            | store      | 1002002  | 2        | 1           | 31507223.35 | 8551            |
| store      | 1003001  | 3        | 1           | 59965515.09 | 16280           | store      | 1003001  | 3        | 1           | 59760433.96 | 16161           |
| store      | 1003002  | 3        | 1           | 29462034.99 | 8002            | store      | 1003002  | 3        | 1           | 29096740.18 | 7898            |
| store      | 1004001  | 4        | 1           | 59036361.61 | 15991           | store      | 1004001  | 4        | 1           | 59039447.46 | 15926           |
| store      | 1004002  | 4        | 1           | 31958431.14 | 8723            | store      | 1004002  | 4        | 1           | 32891954.79 | 8949            |
| store      | 2001001  | 1        | 2           | 64788948.81 | 17500           | store      | 2001001  | 1        | 2           | 65658700.35 | 17873           |
| store      | 2001002  | 1        | 2           | 32251331.73 | 8691            | store      | 2001002  | 1        | 2           | 31962440.71 | 8715            |
| store      | 2002001  | 2        | 2           | 64109198.55 | 17459           | store      | 2002001  | 2        | 2           | 63258690.71 | 17284           |
| store      | 2002002  | 2        | 2           | 30442680.08 | 8320            | store      | 2002002  | 2        | 2           | 30537102.51 | 8248            |
| store      | 2003001  | 3        | 2           | 64187541.71 | 17314           | store      | 2003001  | 3        | 2           | 63167087.86 | 17246           |
| store      | 2003002  | 3        | 2           | 27303989.99 | 7369            | store      | 2003002  | 3        | 2           | 27505993.17 | 7500            |
| store      | 2004001  | 4        | 2           | 68197122.77 | 18209           | store      | 2004001  | 4        | 2           | 67019294.49 | 18135           |
| store      | 2004002  | 4        | 2           | 30698193.09 | 8342            | store      | 2004002  | 4        | 2           | 29693031.25 | 8203            |
| store      | 3001001  | 1        | 3           | 58068339.93 | 15808           | store      | 3001001  | 1        | 3           | 57802256.26 | 15821           |
| store      | 3001002  | 1        | 3           | 30589339.25 | 8240            | store      | 3001002  | 1        | 3           | 30567278.17 | 8334            |
| store      | 3002001  | 2        | 3           | 66915454.51 | 18436           | store      | 3002001  | 2        | 3           | 66534367.73 | 18205           |
| store      | 3002002  | 2        | 3           | 33338403.79 | 8915            | store      | 3002002  | 2        | 3           | 32736948.83 | 8799            |
| store      | 3003001  | 3        | 3           | 67404307.04 | 18260           | store      | 3003001  | 3        | 3           | 67726152.77 | 18305           |
| store      | 3003002  | 3        | 3           | 31220349.40 | 8374            | store      | 3003002  | 3        | 3           | 30246881.12 | 8188            |
| store      | 3004001  | 4        | 3           | 60374865.23 | 16279           | store      | 3004001  | 4        | 3           | 60183115.20 | 16268           |
| store      | 3004002  | 4        | 3           | 33073914.27 | 8913            | store      | 3004002  | 4        | 3           | 31673386.53 | 8729            |
| store      | 4001001  | 1        | 4           | 66192833.08 | 18100           | store      | 4001001  | 1        | 4           | 66645526.02 | 18032           |
| store      | 4001002  | 1        | 4           | 32059365.28 | 8527            | store      | 4001002  | 1        | 4           | 31066175.53 | 8402            |
| store      | 4002001  | 2        | 4           | 64838334.90 | 17493           | store      | 4002001  | 2        | 4           | 63333873.74 | 17292           |
| store      | 4002002  | 2        | 4           | 32805520.44 | 8914            | store      | 4002002  | 2        | 4           | 33481764.50 | 9048            |
| store      | 4003001  | 3        | 4           | 67813760.39 | 18413           | store      | 4003001  | 3        | 4           | 67592299.57 | 18436           |
| store      | 4003002  | 3        | 4           | 31622391.20 | 8622            | store      | 4003002  | 3        | 4           | 31228974.32 | 8478            |
| store      | 4004001  | 4        | 4           | 63625375.79 | 17389           | store      | 4004001  | 4        | 4           | 63943577.10 | 17373           |
| store      | 4004002  | 4        | 4           | 32318983.26 | 8732            | store      | 4004002  | 4        | 4           | 32745464.08 | 8832            |
| store      | 5001001  | 1        | 5           | 62162537.56 | 16880           | store      | 5001001  | 1        | 5           | 62624242.08 | 16657           |
| store      | 5001002  | 1        | 5           | 33732710.32 | 9139            | store      | 5001002  | 1        | 5           | 33769995.18 | 9206            |
| store      | 5002001  | 2        | 5           | 65052827.96 | 17688           | store      | 5002001  | 2        | 5           | 65006813.19 | 17520           |
| store      | 5002002  | 2        | 5           | 30697228.51 | 8263            | store      | 5002002  | 2        | 5           | 30570307.73 | 8154            |
| store      | 5003001  | 3        | 5           | 66613350.89 | 18181           | store      | 5003001  | 3        | 5           | 66964135.44 | 17990           |
| store      | 5003002  | 3        | 5           | 37938124.33 | 10074           | store      | 5003002  | 3        | 5           | 37126311.14 | 9995            |
| store      | 5004001  | 4        | 5           | 70142036.68 | 19104           | store      | 5004001  | 4        | 5           | 70339457.63 | 19109           |
| store      | 5004002  | 4        | 5           | 37076946.29 | 10100           | store      | 5004002  | 4        | 5           | 38114147.09 | 10281           |
| store      | 6001001  | 1        | 6           | 4718993.98  | 1268            | store      | 6001001  | 1        | 6           | 4595951.08  | 1265            |
| store      | 6001002  | 1        | 6           | 2081434.08  | 590             | store      | 6001002  | 1        | 6           | 2016973.99  | 565             |
| store      | 6001003  | 1        | 6           | 3289754.17  | 882             | store      | 6001003  | 1        | 6           | 3372733.77  | 882             |
| store      | 6001004  | 1        | 6           | 1662402.20  | 439             | store      | 6001004  | 1        | 6           | 1684892.40  | 458             |
| store      | 6001005  | 1        | 6           | 3472403.57  | 941             | store      | 6001005  | 1        | 6           | 3431534.29  | 975             |
| store      | 6001006  | 1        | 6           | 1859394.31  | 498             | store      | 6001006  | 1        | 6           | 1564216.19  | 478             |
| store      | 6001007  | 1        | 6           | 3084270.53  | 861             | store      | 6001007  | 1        | 6           | 3525426.95  | 972             |
| store      | 6001008  | 1        | 6           | 2546802.64  | 690             | store      | 6001008  | 1        | 6           | 2369956.97  | 608             |
| store      | 6002001  | 2        | 6           | 4079121.45  | 1118            | store      | 6002001  | 2        | 6           | 3613582.83  | 1048            |
| store      | 6002002  | 2        | 6           | 1672386.70  | 482             | store      | 6002002  | 2        | 6           | 1653748.13  | 491             |
| store      | 6002003  | 2        | 6           | 3863044.57  | 1048            | store      | 6002003  | 2        | 6           | 3881862.52  | 1085            |
| store      | 6002004  | 2        | 6           | 2460007.99  | 686             | store      | 6002004  | 2        | 6           | 2414525.18  | 694             |
| store      | 6002005  | 2        | 6           | 4586513.17  | 1257            | store      | 6002005  | 2        | 6           | 5097386.38  | 1323            |
| store      | 6002006  | 2        | 6           | 1806691.53  | 469             | store      | 6002006  | 2        | 6           | 1660225.44  | 443             |
| store      | 6002007  | 2        | 6           | 2489551.36  | 671             | store      | 6002007  | 2        | 6           | 2757075.53  | 743             |
| store      | 6002008  | 2        | 6           | 1520012.56  | 396             | store      | 6002008  | 2        | 6           | 1677217.06  | 454             |
| store      | 6003001  | 3        | 6           | 3782285.91  | 1097            | store      | 6003001  | 3        | 6           | 4005903.15  | 1129            |
| store      | 6003002  | 3        | 6           | 1815134.19  | 501             | store      | 6003002  | 3        | 6           | 2018886.80  | 564             |
| store      | 6003003  | 3        | 6           | 5267525.40  | 1443            | store      | 6003003  | 3        | 6           | 5139237.24  | 1410            |
| store      | 6003004  | 3        | 6           | 2228334.17  | 609             | store      | 6003004  | 3        | 6           | 2304892.89  | 634             |
| store      | 6003005  | 3        | 6           | 4887816.78  | 1363            | store      | 6003005  | 3        | 6           | 5381750.53  | 1380            |
| store      | 6003006  | 3        | 6           | 1802904.49  | 492             | store      | 6003006  | 3        | 6           | 1965570.23  | 523             |
| store      | 6003007  | 3        | 6           | 4357414.34  | 1212            | store      | 6003007  | 3        | 6           | 4428494.43  | 1228            |
| store      | 6003008  | 3        | 6           | 3139467.51  | 834             | store      | 6003008  | 3        | 6           | 3004146.65  | 813             |
| store      | 6004001  | 4        | 6           | 3142838.25  | 835             | store      | 6004001  | 4        | 6           | 2838110.17  | 777             |
| store      | 6004002  | 4        | 6           | 1661816.65  | 474             | store      | 6004002  | 4        | 6           | 1818766.55  | 488             |
| store      | 6004003  | 4        | 6           | 2975340.23  | 805             | store      | 6004003  | 4        | 6           | 3002491.16  | 834             |
| store      | 6004004  | 4        | 6           | 1576460.60  | 409             | store      | 6004004  | 4        | 6           | 1633806.27  | 399             |
| store      | 6004005  | 4        | 6           | 2833308.44  | 821             | store      | 6004005  | 4        | 6           | 2791173.40  | 827             |
| store      | 6004006  | 4        | 6           | 1801692.19  | 476             | store      | 6004006  | 4        | 6           | 1939621.50  | 511             |
| store      | 6004007  | 4        | 6           | 3019619.03  | 850             | store      | 6004007  | 4        | 6           | 3217220.12  | 863             |
| store      | 6004008  | 4        | 6           | 1026762.07  | 290             | store      | 6004008  | 4        | 6           | 952302.60   | 281             |
| store      | 6005001  | 5        | 6           | 4777413.01  | 1262            | store      | 6005001  | 5        | 6           | 4838235.70  | 1270            |
| store      | 6005002  | 5        | 6           | 2687643.27  | 722             | store      | 6005002  | 5        | 6           | 2983151.33  | 796             |
| store      | 6005003  | 5        | 6           | 3637175.24  | 1001            | store      | 6005003  | 5        | 6           | 3476534.91  | 975             |
| store      | 6005004  | 5        | 6           | 800046.68   | 239             | store      | 6005004  | 5        | 6           | 1076907.85  | 280             |
| store      | 6005005  | 5        | 6           | 3004055.03  | 816             | store      | 6005005  | 5        | 6           | 2868749.62  | 828             |
| store      | 6005006  | 5        | 6           | 2135811.99  | 588             | store      | 6005006  | 5        | 6           | 2262074.58  | 639             |
| store      | 6005007  | 5        | 6           | 3649821.94  | 971             | store      | 6005007  | 5        | 6           | 4038741.76  | 1030            |
| store      | 6005008  | 5        | 6           | 2869993.85  | 716             | store      | 6005008  | 5        | 6           | 2737179.88  | 736             |
| store      | 6006001  | 6        | 6           | 5308558.04  | 1392            | store      | 6006001  | 6        | 6           | 5082620.03  | 1381            |
| store      | 6006002  | 6        | 6           | 2098489.42  | 575             | store      | 6006002  | 6        | 6           | 2132226.07  | 541             |
| store      | 6006003  | 6        | 6           | 3261214.32  | 895             | store      | 6006003  | 6        | 6           | 3534716.80  | 955             |
| store      | 6006004  | 6        | 6           | 2320913.79  | 627             | store      | 6006004  | 6        | 6           | 2213739.02  | 601             |
| store      | 6006005  | 6        | 6           | 3075294.53  | 838             | store      | 6006005  | 6        | 6           | 3224088.92  | 864             |
| store      | 6006006  | 6        | 6           | 1893441.32  | 521             | store      | 6006006  | 6        | 6           | 1977573.08  | 543             |
| store      | 6006007  | 6        | 6           | 4332431.80  | 1175            | store      | 6006007  | 6        | 6           | 3946390.18  | 1133            |
| store      | 6006008  | 6        | 6           | 1911181.75  | 560             | store      | 6006008  | 6        | 6           | 2038599.69  | 565             |
| store      | 6007001  | 7        | 6           | 3635068.39  | 963             | store      | 6007001  | 7        | 6           | 2992311.71  | 872             |
| store      | 6007002  | 7        | 6           | 1894104.41  | 524             | store      | 6007002  | 7        | 6           | 2341027.10  | 572             |
| store      | 6007003  | 7        | 6           | 5612137.42  | 1489            | store      | 6007003  | 7        | 6           | 5460460.76  | 1493            |
| store      | 6007004  | 7        | 6           | 2168216.33  | 573             | store      | 6007004  | 7        | 6           | 2173921.95  | 589             |
| store      | 6007005  | 7        | 6           | 3240537.61  | 894             | store      | 6007005  | 7        | 6           | 3121315.62  | 872             |
| store      | 6007006  | 7        | 6           | 2203456.46  | 582             | store      | 6007006  | 7        | 6           | 2198031.88  | 619             |
| store      | 6007007  | 7        | 6           | 5446587.11  | 1491            | store      | 6007007  | 7        | 6           | 5534838.85  | 1471            |
| store      | 6007008  | 7        | 6           | 1466972.66  | 398             | store      | 6007008  | 7        | 6           | 1833715.09  | 444             |
| store      | 6008001  | 8        | 6           | 4401097.93  | 1135            | store      | 6008001  | 8        | 6           | 3821722.71  | 1097            |
| store      | 6008002  | 8        | 6           | 2395617.10  | 656             | store      | 6008002  | 8        | 6           | 2614869.09  | 662             |
| store      | 6008003  | 8        | 6           | 3909701.84  | 1065            | store      | 6008003  | 8        | 6           | 4050698.58  | 1079            |
| store      | 6008004  | 8        | 6           | 1722861.32  | 484             | store      | 6008004  | 8        | 6           | 1731281.71  | 461             |
+------------+----------+----------+-------------+-------------+-----------------+------------+----------+----------+-------------+-------------+-----------------+
