+---------+------------+------------+---------------+-------------+-------------------+
| channel | i_brand_id | i_class_id | i_category_id | sum(sales)  | sum(number_sales) |
+---------+------------+------------+---------------+-------------+-------------------+
| catalog | 1001001    | 1          | 1             | 19990830.59 | 3943              |
| catalog | 1001001    | 1          | 2             | 365065.22   | 73                |
| catalog | 1001001    | 1          | 3             | 564074.98   | 113               |
| catalog | 1001001    | 1          | 4             | 650737.17   | 128               |
| catalog | 1001001    | 1          | 5             | 403898.56   | 86                |
| catalog | 1001001    | 1          | 6             | 548868.57   | 106               |
| catalog | 1001001    | 1          | 7             | 701049.68   | 125               |
| catalog | 1001001    | 1          | 8             | 592529.29   | 110               |
| catalog | 1001001    | 1          | 9             | 347195.69   | 69                |
| catalog | 1001001    | 1          | 10            | 751066.29   | 156               |
| catalog | 1001001    | 1          | NULL          | 24915316.04 | 4909              |
| catalog | 1001001    | 2          | 1             | 148951.41   | 28                |
| catalog | 1001001    | 2          | 2             | 171008.95   | 39                |
| catalog | 1001001    | 2          | 3             | 36422.69    | 9                 |
| catalog | 1001001    | 2          | 4             | 108247.16   | 28                |
| catalog | 1001001    | 2          | 5             | 43172.86    | 10                |
| catalog | 1001001    | 2          | 6             | 64724.55    | 10                |
| catalog | 1001001    | 2          | 7             | 49374.04    | 9                 |
| catalog | 1001001    | 2          | 8             | 32150.20    | 6                 |
| catalog | 1001001    | 2          | 10            | 64630.82    | 12                |
| catalog | 1001001    | 2          | NULL          | 718682.68   | 151               |
| catalog | 1001001    | 3          | 1             | 111382.00   | 14                |
| catalog | 1001001    | 3          | 2             | 189236.42   | 38                |
| catalog | 1001001    | 3          | 3             | 8556.12     | 2                 |
| catalog | 1001001    | 3          | 4             | 100718.14   | 27                |
| catalog | 1001001    | 3          | 6             | 19794.94    | 7                 |
| catalog | 1001001    | 3          | 7             | 48550.85    | 10                |
| catalog | 1001001    | 3          | 10            | 27554.22    | 7                 |
| catalog | 1001001    | 3          | NULL          | 505792.69   | 105               |
| catalog | 1001001    | 4          | 1             | 168756.71   | 34                |
| catalog | 1001001    | 4          | 2             | 118327.37   | 25                |
| catalog | 1001001    | 4          | 3             | 65665.20    | 16                |
| catalog | 1001001    | 4          | 4             | 160947.79   | 33                |
| catalog | 1001001    | 4          | 5             | 141992.16   | 32                |
| catalog | 1001001    | 4          | 6             | 203685.23   | 37                |
| catalog | 1001001    | 4          | NULL          | 859374.46   | 177               |
| catalog | 1001001    | 5          | 9             | 72196.46    | 20                |
| catalog | 1001001    | 5          | 10            | 102536.54   | 21                |
| catalog | 1001001    | 5          | NULL          | 174733.00   | 41                |
| catalog | 1001001    | 6          | 9             | 29981.58    | 7                 |
| catalog | 1001001    | 6          | NULL          | 29981.58    | 7                 |
| catalog | 1001001    | 7          | 6             | 89436.49    | 8                 |
| catalog | 1001001    | 7          | NULL          | 89436.49    | 8                 |
| catalog | 1001001    | 8          | 9             | 80283.14    | 12                |
| catalog | 1001001    | 8          | NULL          | 80283.14    | 12                |
| catalog | 1001001    | 9          | 6             | 33292.19    | 9                 |
| catalog | 1001001    | 9          | 7             | 19339.74    | 4                 |
| catalog | 1001001    | 9          | 8             | 101067.65   | 16                |
| catalog | 1001001    | 9          | 10            | 51047.41    | 10                |
| catalog | 1001001    | 9          | NULL          | 204746.99   | 39                |
| catalog | 1001001    | 10         | 9             | 86079.79    | 19                |
| catalog | 1001001    | 10         | 10            | 42065.96    | 11                |
| catalog | 1001001    | 10         | NULL          | 128145.75   | 30                |
| catalog | 1001001    | 11         | 7             | 134554.72   | 22                |
| catalog | 1001001    | 11         | 9             | 101780.31   | 22                |
| catalog | 1001001    | 11         | NULL          | 236335.03   | 44                |
| catalog | 1001001    | 12         | 6             | 46142.88    | 15                |
| catalog | 1001001    | 12         | 8             | 183725.61   | 40                |
| catalog | 1001001    | 12         | 9             | 28269.64    | 10                |
| catalog | 1001001    | 12         | NULL          | 258138.13   | 65                |
| catalog | 1001001    | 13         | 7             | 128942.21   | 31                |
| catalog | 1001001    | 13         | 8             | 46065.89    | 9                 |
| catalog | 1001001    | 13         | 10            | 50502.59    | 10                |
| catalog | 1001001    | 13         | NULL          | 225510.69   | 50                |
| catalog | 1001001    | 14         | 6             | 103469.13   | 21                |
| catalog | 1001001    | 14         | 8             | 25008.96    | 7                 |
| catalog | 1001001    | 14         | NULL          | 128478.09   | 28                |
| catalog | 1001001    | 15         | 7             | 58524.87    | 14                |
| catalog | 1001001    | 15         | 8             | 57419.77    | 10                |
| catalog | 1001001    | 15         | 9             | 21964.70    | 6                 |
| catalog | 1001001    | 15         | 10            | 121888.40   | 28                |
| catalog | 1001001    | 15         | NULL          | 259797.74   | 58                |
| catalog | 1001001    | 16         | 7             | 70274.25    | 14                |
| catalog | 1001001    | 16         | 8             | 45561.22    | 11                |
| catalog | 1001001    | 16         | 9             | 70268.22    | 10                |
| catalog | 1001001    | 16         | 10            | 24710.88    | 12                |
| catalog | 1001001    | 16         | NULL          | 210814.57   | 47                |
| catalog | 1001001    | NULL       | NULL          | 29025567.07 | 5771              |
| catalog | 1001002    | 1          | 1             | 24830888.96 | 5028              |
| catalog | 1001002    | 1          | NULL          | 24830888.96 | 5028              |
| catalog | 1001002    | 2          | 1             | 999006.85   | 186               |
| catalog | 1001002    | 2          | NULL          | 999006.85   | 186               |
| catalog | 1001002    | 3          | 1             | 899287.19   | 165               |
| catalog | 1001002    | 3          | NULL          | 899287.19   | 165               |
| catalog | 1001002    | 4          | 1             | 797307.96   | 157               |
| catalog | 1001002    | 4          | NULL          | 797307.96   | 157               |
| catalog | 1001002    | 5          | 1             | 83622.86    | 12                |
| catalog | 1001002    | 5          | NULL          | 83622.86    | 12                |
| catalog | 1001002    | 6          | 1             | 275232.84   | 54                |
| catalog | 1001002    | 6          | NULL          | 275232.84   | 54                |
| catalog | 1001002    | 7          | 1             | 180247.30   | 40                |
| catalog | 1001002    | 7          | NULL          | 180247.30   | 40                |
| catalog | 1001002    | 8          | 1             | 282496.90   | 52                |
| catalog | 1001002    | 8          | NULL          | 282496.90   | 52                |
| catalog | 1001002    | 9          | 1             | 169444.60   | 31                |
| catalog | 1001002    | 9          | NULL          | 169444.60   | 31                |
| catalog | 1001002    | 10         | 1             | 134127.38   | 26                |
| catalog | 1001002    | 10         | NULL          | 134127.38   | 26                |
| catalog | 1001002    | 11         | 1             | 86643.58    | 20                |
| catalog | 1001002    | 11         | NULL          | 86643.58    | 20                |
+---------+------------+------------+---------------+-------------+-------------------+
+------------+----------+----------+-------------+-------------+-----------------+------------+----------+----------+-------------+-------------+-----------------+
| ty_channel | ty_brand | ty_class | ty_category | ty_sales    | ty_number_sales | ly_channel | ly_brand | ly_class | ly_category | ly_sales    | ly_number_sales |
+------------+----------+----------+-------------+-------------+-----------------+------------+----------+----------+-------------+-------------+-----------------+
| store      | 1001001  | 1        | 1           | 12905553.51 | 3530            | store      | 1001001  | 1        | 1           | 12954558.96 | 3595            |
| store      | 1001002  | 1        | 1           | 7002902.32  | 1922            | store      | 1001002  | 1        | 1           | 6745310.74  | 1834            |
| store      | 1002001  | 2        | 1           | 12471817.63 | 3472            | store      | 1002001  | 2        | 1           | 13112273.53 | 3529            |
| store      | 1002002  | 2        | 1           | 6774617.18  | 1806            | store      | 1002002  | 2        | 1           | 6303175.23  | 1738            |
| store      | 1003001  | 3        | 1           | 12982028.91 | 3418            | store      | 1003001  | 3        | 1           | 12573786.76 | 3404            |
| store      | 1003002  | 3        | 1           | 6690224.34  | 1749            | store      | 1003002  | 3        | 1           | 6380745.16  | 1749            |
| store      | 1004001  | 4        | 1           | 12335391.90 | 3397            | store      | 1004001  | 4        | 1           | 11891727.09 | 3256            |
| store      | 1004002  | 4        | 1           | 6295192.84  | 1720            | store      | 1004002  | 4        | 1           | 5958626.27  | 1602            |
| store      | 2001001  | 1        | 2           | 13045628.93 | 3588            | store      | 2001001  | 1        | 2           | 12410174.81 | 3403            |
| store      | 2001002  | 1        | 2           | 6915930.71  | 1916            | store      | 2001002  | 1        | 2           | 7234324.34  | 1924            |
| store      | 2002001  | 2        | 2           | 13080535.45 | 3552            | store      | 2002001  | 2        | 2           | 13608576.50 | 3557            |
| store      | 2002002  | 2        | 2           | 6468209.19  | 1683            | store      | 2002002  | 2        | 2           | 5949804.41  | 1602            |
| store      | 2003001  | 3        | 2           | 12512103.05 | 3488            | store      | 2003001  | 3        | 2           | 12861511.03 | 3444            |
| store      | 2003002  | 3        | 2           | 5633905.43  | 1497            | store      | 2003002  | 3        | 2           | 5854793.75  | 1557            |
| store      | 2004001  | 4        | 2           | 13710506.02 | 3694            | store      | 2004001  | 4        | 2           | 13314778.63 | 3692            |
| store      | 2004002  | 4        | 2           | 6572139.13  | 1745            | store      | 2004002  | 4        | 2           | 6242540.08  | 1655            |
| store      | 3001001  | 1        | 3           | 12696556.34 | 3414            | store      | 3001001  | 1        | 3           | 12465107.44 | 3439            |
| store      | 3001002  | 1        | 3           | 5863078.51  | 1622            | store      | 3001002  | 1        | 3           | 6103024.91  | 1596            |
| store      | 3002001  | 2        | 3           | 13414152.08 | 3566            | store      | 3002001  | 2        | 3           | 13078022.46 | 3569            |
| store      | 3002002  | 2        | 3           | 6234012.22  | 1743            | store      | 3002002  | 2        | 3           | 6534221.95  | 1733            |
| store      | 3003001  | 3        | 3           | 13071567.76 | 3545            | store      | 3003001  | 3        | 3           | 13270785.22 | 3578            |
| store      | 3003002  | 3        | 3           | 6723892.22  | 1762            | store      | 3003002  | 3        | 3           | 6509335.59  | 1750            |
| store      | 3004001  | 4        | 3           | 12392659.38 | 3400            | store      | 3004001  | 4        | 3           | 12740791.19 | 3327            |
| store      | 3004002  | 4        | 3           | 6505077.93  | 1749            | store      | 3004002  | 4        | 3           | 6548571.06  | 1762            |
| store      | 4001001  | 1        | 4           | 13708853.06 | 3669            | store      | 4001001  | 1        | 4           | 13607664.41 | 3653            |
| store      | 4001002  | 1        | 4           | 5820460.84  | 1603            | store      | 4001002  | 1        | 4           | 6454079.36  | 1705            |
| store      | 4002001  | 2        | 4           | 12695561.62 | 3458            | store      | 4002001  | 2        | 4           | 12862850.17 | 3517            |
| store      | 4002002  | 2        | 4           | 6411734.20  | 1783            | store      | 4002002  | 2        | 4           | 6609621.30  | 1758            |
| store      | 4003001  | 3        | 4           | 13501085.90 | 3683            | store      | 4003001  | 3        | 4           | 13374306.64 | 3646            |
| store      | 4003002  | 3        | 4           | 5933764.84  | 1669            | store      | 4003002  | 3        | 4           | 6241039.11  | 1677            |
| store      | 4004001  | 4        | 4           | 13601581.59 | 3649            | store      | 4004001  | 4        | 4           | 12860086.56 | 3466            |
| store      | 4004002  | 4        | 4           | 6632957.53  | 1795            | store      | 4004002  | 4        | 4           | 6291876.64  | 1714            |
| store      | 5001001  | 1        | 5           | 12465167.31 | 3325            | store      | 5001001  | 1        | 5           | 11672816.93 | 3174            |
| store      | 5001002  | 1        | 5           | 7010743.19  | 1831            | store      | 5001002  | 1        | 5           | 6313370.13  | 1751            |
| store      | 5002001  | 2        | 5           | 13739412.36 | 3687            | store      | 5002001  | 2        | 5           | 12914195.42 | 3508            |
| store      | 5002002  | 2        | 5           | 6105964.76  | 1672            | store      | 5002002  | 2        | 5           | 6517003.45  | 1700            |
| store      | 5003001  | 3        | 5           | 13205936.08 | 3526            | store      | 5003001  | 3        | 5           | 12911400.26 | 3494            |
| store      | 5003002  | 3        | 5           | 7581509.80  | 2021            | store      | 5003002  | 3        | 5           | 7452863.65  | 1942            |
| store      | 5004001  | 4        | 5           | 13444867.63 | 3726            | store      | 5004001  | 4        | 5           | 13650559.73 | 3740            |
| store      | 5004002  | 4        | 5           | 6936023.79  | 1888            | store      | 5004002  | 4        | 5           | 7484419.97  | 1903            |
| store      | 6001001  | 1        | 6           | 875161.39   | 242             | store      | 6001001  | 1        | 6           | 751249.92   | 200             |
| store      | 6001002  | 1        | 6           | 425732.39   | 103             | store      | 6001002  | 1        | 6           | 373859.50   | 107             |
| store      | 6001003  | 1        | 6           | 745428.83   | 209             | store      | 6001003  | 1        | 6           | 893324.83   | 226             |
| store      | 6001004  | 1        | 6           | 358760.30   | 98              | store      | 6001004  | 1        | 6           | 386579.06   | 100             |
| store      | 6001005  | 1        | 6           | 773417.83   | 196             | store      | 6001005  | 1        | 6           | 727508.65   | 193             |
| store      | 6001006  | 1        | 6           | 390801.03   | 104             | store      | 6001006  | 1        | 6           | 425853.77   | 104             |
| store      | 6001007  | 1        | 6           | 634262.67   | 176             | store      | 6001007  | 1        | 6           | 696371.66   | 203             |
| store      | 6001008  | 1        | 6           | 425539.53   | 131             | store      | 6001008  | 1        | 6           | 419624.60   | 123             |
| store      | 6002001  | 2        | 6           | 728274.91   | 219             | store      | 6002001  | 2        | 6           | 786143.12   | 205             |
| store      | 6002002  | 2        | 6           | 363294.35   | 93              | store      | 6002002  | 2        | 6           | 348615.17   | 103             |
| store      | 6002003  | 2        | 6           | 768004.58   | 229             | store      | 6002003  | 2        | 6           | 687481.11   | 212             |
| store      | 6002004  | 2        | 6           | 365620.70   | 95              | store      | 6002004  | 2        | 6           | 289987.38   | 91              |
| store      | 6002005  | 2        | 6           | 931021.39   | 247             | store      | 6002005  | 2        | 6           | 1020675.14  | 271             |
| store      | 6002006  | 2        | 6           | 315157.80   | 84              | store      | 6002006  | 2        | 6           | 401219.09   | 102             |
| store      | 6002007  | 2        | 6           | 587698.00   | 176             | store      | 6002007  | 2        | 6           | 626499.25   | 169             |
| store      | 6002008  | 2        | 6           | 414905.85   | 108             | store      | 6002008  | 2        | 6           | 442295.68   | 128             |
| store      | 6003001  | 3        | 6           | 765474.45   | 210             | store      | 6003001  | 3        | 6           | 792474.73   | 204             |
| store      | 6003002  | 3        | 6           | 338674.06   | 95              | store      | 6003002  | 3        | 6           | 250358.90   | 72              |
| store      | 6003003  | 3        | 6           | 901289.68   | 255             | store      | 6003003  | 3        | 6           | 1096442.91  | 294             |
| store      | 6003004  | 3        | 6           | 467934.21   | 125             | store      | 6003004  | 3        | 6           | 287903.15   | 106             |
| store      | 6003005  | 3        | 6           | 1065386.92  | 277             | store      | 6003005  | 3        | 6           | 914077.75   | 261             |
| store      | 6003006  | 3        | 6           | 498034.07   | 151             | store      | 6003006  | 3        | 6           | 411084.31   | 132             |
| store      | 6003007  | 3        | 6           | 759440.91   | 221             | store      | 6003007  | 3        | 6           | 713094.67   | 183             |
| store      | 6003008  | 3        | 6           | 535303.12   | 143             | store      | 6003008  | 3        | 6           | 605691.11   | 149             |
| store      | 6004001  | 4        | 6           | 580776.53   | 159             | store      | 6004001  | 4        | 6           | 576817.29   | 168             |
| store      | 6004002  | 4        | 6           | 346423.23   | 77              | store      | 6004002  | 4        | 6           | 358748.84   | 89              |
| store      | 6004003  | 4        | 6           | 704653.35   | 205             | store      | 6004003  | 4        | 6           | 640073.52   | 172             |
| store      | 6004004  | 4        | 6           | 294488.21   | 79              | store      | 6004004  | 4        | 6           | 278555.98   | 75              |
| store      | 6004005  | 4        | 6           | 682363.82   | 208             | store      | 6004005  | 4        | 6           | 876990.82   | 217             |
| store      | 6004006  | 4        | 6           | 346191.00   | 102             | store      | 6004006  | 4        | 6           | 350818.76   | 90              |
| store      | 6004007  | 4        | 6           | 583020.60   | 169             | store      | 6004007  | 4        | 6           | 612721.02   | 167             |
| store      | 6004008  | 4        | 6           | 188601.84   | 53              | store      | 6004008  | 4        | 6           | 253259.74   | 73              |
| store      | 6005001  | 5        | 6           | 815942.63   | 234             | store      | 6005001  | 5        | 6           | 789968.58   | 225             |
| store      | 6005002  | 5        | 6           | 457271.04   | 128             | store      | 6005002  | 5        | 6           | 380255.99   | 113             |
| store      | 6005003  | 5        | 6           | 913232.86   | 233             | store      | 6005003  | 5        | 6           | 779357.21   | 208             |
| store      | 6005004  | 5        | 6           | 216668.00   | 64              | store      | 6005004  | 5        | 6           | 200969.46   | 59              |
| store      | 6005005  | 5        | 6           | 599338.05   | 152             | store      | 6005005  | 5        | 6           | 586454.08   | 148             |
| store      | 6005006  | 5        | 6           | 442879.34   | 116             | store      | 6005006  | 5        | 6           | 339601.29   | 94              |
| store      | 6005007  | 5        | 6           | 885907.10   | 255             | store      | 6005007  | 5        | 6           | 715645.25   | 195             |
| store      | 6005008  | 5        | 6           | 413582.22   | 112             | store      | 6005008  | 5        | 6           | 467118.90   | 129             |
| store      | 6006001  | 6        | 6           | 918630.01   | 235             | store      | 6006001  | 6        | 6           | 909588.78   | 252             |
| store      | 6006002  | 6        | 6           | 422156.65   | 110             | store      | 6006002  | 6        | 6           | 421783.89   | 108             |
| store      | 6006003  | 6        | 6           | 759019.96   | 230             | store      | 6006003  | 6        | 6           | 753787.06   | 220             |
| store      | 6006004  | 6        | 6           | 468439.64   | 141             | store      | 6006004  | 6        | 6           | 563181.73   | 139             |
| store      | 6006005  | 6        | 6           | 746062.60   | 182             | store      | 6006005  | 6        | 6           | 731672.18   | 192             |
| store      | 6006006  | 6        | 6           | 493646.60   | 130             | store      | 6006006  | 6        | 6           | 422664.06   | 111             |
| store      | 6006007  | 6        | 6           | 819792.62   | 211             | store      | 6006007  | 6        | 6           | 825195.23   | 215             |
| store      | 6006008  | 6        | 6           | 510509.16   | 154             | store      | 6006008  | 6        | 6           | 470527.45   | 102             |
| store      | 6007001  | 7        | 6           | 625157.65   | 178             | store      | 6007001  | 7        | 6           | 657403.86   | 175             |
| store      | 6007002  | 7        | 6           | 561861.83   | 152             | store      | 6007002  | 7        | 6           | 541121.31   | 149             |
| store      | 6007003  | 7        | 6           | 854431.30   | 259             | store      | 6007003  | 7        | 6           | 899957.22   | 259             |
| store      | 6007004  | 7        | 6           | 467545.48   | 114             | store      | 6007004  | 7        | 6           | 421242.37   | 106             |
| store      | 6007005  | 7        | 6           | 843371.19   | 207             | store      | 6007005  | 7        | 6           | 539957.79   | 158             |
| store      | 6007006  | 7        | 6           | 433004.98   | 123             | store      | 6007006  | 7        | 6           | 419415.70   | 112             |
| store      | 6007007  | 7        | 6           | 925362.45   | 255             | store      | 6007007  | 7        | 6           | 947455.68   | 278             |
| store      | 6007008  | 7        | 6           | 431793.61   | 120             | store      | 6007008  | 7        | 6           | 324462.26   | 99              |
| store      | 6008001  | 8        | 6           | 948641.75   | 228             | store      | 6008001  | 8        | 6           | 790745.67   | 217             |
| store      | 6008002  | 8        | 6           | 481841.74   | 133             | store      | 6008002  | 8        | 6           | 546141.42   | 148             |
| store      | 6008003  | 8        | 6           | 766486.77   | 219             | store      | 6008003  | 8        | 6           | 1051758.16  | 277             |
| store      | 6008004  | 8        | 6           | 410109.20   | 112             | store      | 6008004  | 8        | 6           | 514576.04   | 118             |
+------------+----------+----------+-------------+-------------+-----------------+------------+----------+----------+-------------+-------------+-----------------+
